scan_center,rounded_datetime,cellindex,x,y,Area,Temp,Mask,Power,DQF,sinu_x,sinu_y
2019-08-03T18:25:36Z,2019-08-03T18:00:00Z,2243054,459922.2325244285,4606233.541028076,NA,NA,14,34.524200439453125,0,-4739825.707136358,5684615.189936467
2019-08-03T18:25:36Z,2019-08-03T18:00:00Z,3560636,-441885.5594449658,4119257.333364603,NA,NA,15,NA,0,-6551473.069439891,4796777.121255223
2019-08-03T18:25:36Z,2019-08-03T18:00:00Z,5680848,-1588183.4639038388,3335686.563008975,NA,NA,10,72.55693054199219,0,-8661510.7947141,3684254.7386325896
2019-08-03T18:25:36Z,2019-08-03T18:00:00Z,6179075,-3153320.9872996085,3151316.9699841207,NA,NA,30,84.8333740234375,0,-10702504.440876087,3542376.319623328
2019-08-03T18:25:36Z,2019-08-03T18:00:00Z,6184497,-3157329.0219305833,3149312.9526686333,NA,NA,30,80.81375885009766,0,-10709629.995523378,3540055.368672134
2019-08-03T18:25:36Z,2019-08-03T18:00:00Z,6184499,-3153320.9872996085,3149312.9526686333,NA,NA,30,85.40248107910156,0,-10703977.045571161,3539643.9722251543
2019-08-03T18:25:36Z,2019-08-03T18:00:00Z,6189922,-3155325.004615096,3147308.935353146,NA,NA,30,90.10382080078125,0,-10708273.209696174,3537118.1300019855
2019-08-03T18:25:36Z,2019-08-03T18:00:00Z,7415798,-3051116.104209744,2694401.0220529614,NA,NA,10,110.12405395507812,0,-10867400.03084076,2941302.4577701837
2019-08-03T18:25:36Z,2019-08-03T18:00:00Z,9337641,449902.1459469907,1984978.892370372,NA,NA,35,NA,0,-7456103.85865613,2051942.6413282088
2019-08-03T18:25:36Z,2019-08-03T18:00:00Z,9337642,451906.1632624781,1984978.892370372,NA,NA,35,NA,0,-7454068.58712375,2051951.8246867333
2019-08-03T18:25:36Z,2019-08-03T18:00:00Z,11236076,520042.7519890545,1283572.8319497327,NA,NA,32,NA,0,-7642442.912678552,1305854.3407751636
2019-08-03T18:25:36Z,2019-08-03T18:00:00Z,11393212,199399.98151104804,1225456.3298005937,NA,NA,15,NA,0,-7980948.28963099,1244831.7123741866
2019-08-03T18:25:36Z,2019-08-03T18:00:00Z,11458305,209420.06808848586,1201408.1220147433,NA,NA,35,NA,0,-7977189.773351171,1219931.7972393571
2019-08-03T18:25:36Z,2019-08-03T18:00:00Z,11480423,1055115.375224228,1193392.0527527928,NA,NA,35,NA,0,-7122617.185782901,1214631.1153389006
2019-08-03T18:25:36Z,2019-08-03T18:00:00Z,11485845,1051107.3405932523,1191388.0354373055,NA,NA,35,NA,0,-7127264.280369738,1212527.8482263526
2019-08-03T18:25:36Z,2019-08-03T18:00:00Z,11566906,451906.1632624781,1161327.775704993,NA,NA,34,51.591793060302734,0,-7743677.096036946,1178909.3146859147
2019-08-03T18:25:36Z,2019-08-03T18:00:00Z,11566907,453910.18057796545,1161327.775704993,NA,NA,32,NA,0,-7741658.837441702,1178914.207692475
2019-08-03T18:25:36Z,2019-08-03T18:00:00Z,11567011,662327.9813886695,1161327.775704993,NA,NA,34,50.84089660644531,0,-7531256.539855429,1179543.0085502442
2019-08-03T18:25:36Z,2019-08-03T18:00:00Z,11577789,522046.7693045419,1157319.7410740172,NA,NA,10,26.282001495361328,0,-7673997.036232921,1174950.2687500576
2019-08-03T18:25:36Z,2019-08-03T18:00:00Z,11583180,455914.19789345283,1155315.7237585299,NA,NA,30,125.2684097290039,0,-7741149.760333489,1172705.420779123
2019-08-03T18:25:36Z,2019-08-03T18:00:00Z,11594042,483970.4403102789,1151307.6891275551,NA,NA,30,118.6375732421875,0,-7713888.006523218,1168634.3696749494
2019-08-03T18:25:36Z,2019-08-03T18:00:00Z,11604884,471946.3364173537,1147299.6544965794,NA,NA,30,136.1770782470703,0,-7727001.181771237,1164462.8132761864
2019-08-03T18:25:36Z,2019-08-03T18:00:00Z,11604893,489982.49225674104,1147299.6544965794,NA,NA,33,112.35687255859375,0,-7708828.302878879,1164508.987558942
2019-08-03T18:25:36Z,2019-08-03T18:00:00Z,11604895,493990.5268877167,1147299.6544965794,NA,NA,10,128.81607055664062,0,-7704788.944224509,1164519.4862556213
2019-08-03T18:25:36Z,2019-08-03T18:00:00Z,11610308,471946.3364173537,1145295.637181092,NA,NA,33,79.86603546142578,0,-7727498.963982755,1162392.6808600007
2019-08-03T18:25:36Z,2019-08-03T18:00:00Z,11610317,489982.49225674104,1145295.637181092,NA,NA,33,81.21269989013672,0,-7709326.350430063,1162438.7668379887
2019-08-03T18:25:36Z,2019-08-03T18:00:00Z,11610319,493990.5268877167,1145295.637181092,NA,NA,10,68.43550109863281,0,-7705287.0510675395,1162449.2454563025
2019-08-03T18:25:36Z,2019-08-03T18:00:00Z,11621155,469942.3191018654,1141287.6025501173,NA,NA,13,180.18569946289062,0,-7730510.460946439,1158248.006519565
2019-08-03T18:25:36Z,2019-08-03T18:00:00Z,11621159,477958.38836381584,1141287.6025501173,NA,NA,30,122.20109558105469,0,-7722435.160545152,1158268.1100194245
2019-08-03T18:25:36Z,2019-08-03T18:00:00Z,11621160,479962.4056793032,1141287.6025501173,NA,NA,30,248.06887817382812,0,-7720416.125752867,1158273.1895835612
2019-08-03T18:25:36Z,2019-08-03T18:00:00Z,11621166,491986.5095722284,1141287.6025501173,NA,NA,10,69.85399627685547,0,-7708300.129346939,1158304.1181786484
2019-08-03T18:25:36Z,2019-08-03T18:00:00Z,11632011,485974.4576257663,1137279.5679191425,NA,NA,30,128.7349853515625,0,-7715348.031284654,1154149.51623488
2019-08-03T18:25:36Z,2019-08-03T18:00:00Z,11658965,153307.58325483464,1127259.4813417047,NA,NA,10,26.4780330657959,0,-8052061.423696215,1143251.396641399
2019-08-03T18:25:36Z,2019-08-03T18:00:00Z,11675397,473950.3537328411,1121247.4293952417,NA,NA,30,73.690093994140625,0,-7731381.978158129,1137571.0980524414
2019-08-03T18:25:36Z,2019-08-03T18:00:00Z,11675398,475954.37104832847,1121247.4293952417,NA,NA,30,86.103485107421875,0,-7729363.4012327455,1137576.0381337982
2019-08-03T18:25:36Z,2019-08-03T18:00:00Z,11675405,489982.49225674104,1121247.4293952417,NA,NA,30,56.02208709716797,0,-7715231.003293662,1137611.2086452218
2019-08-03T18:25:36Z,2019-08-03T18:00:00Z,11680829,489982.49225674104,1119243.4120797543,NA,NA,30,55.215633392333984,0,-7715717.073185227,1135543.4912404858
2019-08-03T18:25:36Z,2019-08-03T18:00:00Z,11680830,491986.5095722284,1119243.4120797543,NA,NA,30,60.6744270324707,0,-7713697.846946879,1135548.589954128
2019-08-03T18:25:36Z,2019-08-03T18:00:00Z,11691509,153307.58325483464,1115235.3774487795,NA,NA,15,NA,0,-8054953.695199836,1130851.0767926683
2019-08-03T18:25:36Z,2019-08-03T18:00:00Z,11718802,500002.57883417886,1105215.2908713417,NA,NA,10,50.71885681152344,0,-7708997.843961047,1121100.1170775148
2019-08-03T18:25:36Z,2019-08-03T18:00:00Z,11724210,467938.301786378,1103211.2735558543,NA,NA,32,NA,0,-7741775.943269477,1118954.7093648098
2019-08-03T18:25:36Z,2019-08-03T18:00:00Z,11724219,485974.4576257663,1103211.2735558543,NA,NA,30,53.214874267578125,0,-7723610.295404387,1118998.5780478115
2019-08-03T18:25:36Z,2019-08-03T18:00:00Z,11751172,151303.56593934633,1093191.1869784165,NA,NA,35,NA,0,-8062180.278563782,1108133.1949338238
2019-08-03T18:25:36Z,2019-08-03T18:00:00Z,11751330,467938.301786378,1093191.1869784165,NA,NA,35,NA,0,-7744154.258067443,1108626.987835755
2019-08-03T18:25:36Z,2019-08-03T18:00:00Z,11783635,-11021.836615144275,1081167.0830854913,NA,NA,30,32.08958435058594,0,-8227641.570667479,1095695.3921088239
2019-08-03T18:25:36Z,2019-08-03T18:00:00Z,11800172,520042.7519890545,1075155.0311390283,NA,NA,30,42.03647232055664,0,-7695890.283944459,1090176.3896214108
2019-08-03T18:25:36Z,2019-08-03T18:00:00Z,11800173,522046.7693045419,1075155.0311390283,NA,NA,30,42.751155853271484,0,-7693870.358967149,1090181.572931867
2019-08-03T18:25:36Z,2019-08-03T18:00:00Z,11827100,135271.42741544638,1065134.9445615904,NA,NA,35,NA,0,-8084731.13356401,1079242.4958996437
2019-08-03T18:25:36Z,2019-08-03T18:00:00Z,11827655,1247501.037511032,1065134.9445615904,NA,NA,30,43.26145935058594,0,-6956264.758934754,1083067.4356297941
2019-08-03T18:25:36Z,2019-08-03T18:00:00Z,11843654,700404.3103829334,1059122.8926151283,NA,NA,35,NA,0,-7517411.792373338,1074211.5328943494
2019-08-03T18:25:36Z,2019-08-03T18:00:00Z,11848979,502006.59614966623,1057118.875299641,NA,NA,30,51.89021301269531,0,-7718219.160784342,1071565.5661497097
2019-08-03T18:25:36Z,2019-08-03T18:00:00Z,11854767,1231468.8989871312,1055114.8579841526,NA,NA,33,71.17828369140625,0,-6975222.677999061,1072623.5194409722
2019-08-03T18:25:36Z,2019-08-03T18:00:00Z,11854770,1237480.9509335943,1055114.8579841526,NA,NA,33,65.13957214355469,0,-6968998.83616113,1072660.7008329139
2019-08-03T18:25:36Z,2019-08-03T18:00:00Z,11854771,1239484.9682490816,1055114.8579841526,NA,NA,30,65.36681365966797,0,-6966923.775668415,1072673.137834054
2019-08-03T18:25:36Z,2019-08-03T18:00:00Z,11865082,163327.66983227246,1051106.8233531779,NA,NA,35,NA,0,-8059783.404726183,1064836.31725641
2019-08-03T18:25:36Z,2019-08-03T18:00:00Z,11865094,187375.87761812285,1051106.8233531779,NA,NA,35,NA,0,-8035675.228262488,1064856.631269648
2019-08-03T18:25:36Z,2019-08-03T18:00:00Z,11870507,165331.68714775983,1049102.8060376905,NA,NA,35,NA,0,-8058224.577739792,1062777.6597762476
2019-08-03T18:25:36Z,2019-08-03T18:00:00Z,11892365,489982.49225674104,1041086.73677574,NA,NA,10,35.065521240234375,0,-7733959.394582984,1055046.8113231724
2019-08-03T18:25:36Z,2019-08-03T18:00:00Z,11946406,91183.04647472035,1021046.5636208644,NA,NA,30,54.951324462890625,0,-8138726.684169699,1033908.1702362982
2019-08-03T18:25:36Z,2019-08-03T18:00:00Z,11962683,101203.13305215817,1015034.5116744023,NA,NA,15,NA,0,-8129993.195279638,1027740.5041287418
2019-08-03T18:25:36Z,2019-08-03T18:00:00Z,11973690,419841.88621467724,1011026.4770434266,NA,NA,30,53.61884307861328,0,-7811177.073826011,1024010.6398144035
2019-08-03T18:25:36Z,2019-08-03T18:00:00Z,12022417,241484.34513628576,992990.3212040393,NA,NA,30,40.53301239013672,0,-7994123.004291171,1005231.1559939743
2019-08-03T18:25:36Z,2019-08-03T18:00:00Z,12022418,243488.36245177407,992990.3212040393,NA,NA,30,43.543739318847656,0,-7992113.384509788,1005233.3595662531
2019-08-03T18:25:36Z,2019-08-03T18:00:00Z,12092930,243488.36245177407,966938.0961027015,NA,NA,30,26.983497619628906,0,-7997566.280066306,978525.3426007014
2019-08-03T18:25:36Z,2019-08-03T18:00:00Z,12114576,143287.49667739682,958922.0268407511,NA,NA,10,96.083648681640625,0,-8099629.95321602,970228.3809184526
2019-08-03T18:25:36Z,2019-08-03T18:00:00Z,12120069,281564.69144603703,956918.0095252637,NA,NA,35,NA,0,-7961439.570995505,968303.8953256188
2019-08-03T18:25:36Z,2019-08-03T18:00:00Z,12168806,123247.32352252118,938881.8536858754,NA,NA,10,19.294218063354492,0,-8123747.371467108,949699.1134826586
2019-08-03T18:25:36Z,2019-08-03T18:00:00Z,12206798,171343.73909422196,924853.7324774629,NA,NA,32,NA,0,-8078351.324712767,935375.828732114
2019-08-03T18:25:36Z,2019-08-03T18:00:00Z,12206819,213428.1027194606,924853.7324774629,NA,NA,12,NA,0,-8036184.910210889,935409.848656191
2019-08-03T18:25:36Z,2019-08-03T18:00:00Z,12223113,257516.48366018664,918841.6805309998,NA,NA,10,21.849599838256836,0,-7993173.864074106,929303.7495442015
2019-08-03T18:25:36Z,2019-08-03T18:00:00Z,12233909,153307.58325483464,914833.645900025,NA,NA,12,NA,0,-8098377.207360258,925115.7587718475
2019-08-03T18:25:36Z,2019-08-03T18:00:00Z,12261075,245492.37976726145,904813.5593225872,NA,NA,10,60.2439079284668,0,-8007952.1447400795,914947.2444004274
2019-08-03T18:25:36Z,2019-08-03T18:00:00Z,12299055,269540.58755311184,890785.4381141746,NA,NA,35,NA,0,-7986526.621476586,900635.7222553843
2019-08-03T18:25:36Z,2019-08-03T18:00:00Z,12949835,69138.85600435734,650303.3602556698,NA,NA,15,NA,0,-8226351.313756717,655780.2476975936
2019-08-03T18:25:36Z,2019-08-03T18:00:00Z,15077360,2708429.6605014494,-135271.42741544638,NA,NA,30,27.646821975708008,0,-5484889.38113289,-138438.6396919835
2019-08-03T18:25:36Z,2019-08-03T18:00:00Z,15243861,-584170.7888445808,-197395.96419556066,NA,NA,30,36.672664642333984,0,-8920460.156949937,-198703.89707134338
2019-08-03T18:25:36Z,2019-08-03T18:00:00Z,15375688,2724461.7990253493,-245492.37976726145,NA,NA,15,NA,0,-5460983.640071949,-251371.73124176296
2019-08-03T18:25:36Z,2019-08-03T18:00:00Z,15533278,3313642.8897786867,-303608.88191640005,NA,NA,10,40.78337097167969,0,-4727864.351842558,-313986.983555633
2019-08-03T18:25:36Z,2019-08-03T18:00:00Z,15560113,2742497.9548647376,-313628.96849383786,NA,NA,30,42.35150909423828,0,-5435105.507062794,-321309.44329533965
2019-08-03T18:25:36Z,2019-08-03T18:00:00Z,15560164,2844702.837954602,-313628.96849383786,NA,NA,10,36.71098709106445,0,-5313215.938752572,-321791.82697377447
2019-08-03T18:25:36Z,2019-08-03T18:00:00Z,15576389,2750514.024126687,-319641.0204403,NA,NA,30,42.485713958740234,0,-5425154.271898871,-327515.21247657354
2019-08-03T18:25:36Z,2019-08-03T18:00:00Z,15711975,2722457.781709862,-369741.4533274891,NA,NA,30,34.79802703857422,0,-5454206.564970702,-378791.2125154404
2019-08-03T18:25:36Z,2019-08-03T18:00:00Z,15739106,2744501.972180225,-379761.5399049269,NA,NA,30,29.407194137573242,0,-5427233.224788251,-389199.6255944427
2019-08-03T18:25:36Z,2019-08-03T18:00:00Z,15847190,1950911.1152471583,-419841.88621467724,NA,NA,30,74.13951110839844,0,-6319455.176047796,-426388.74676427466
2019-08-03T18:25:36Z,2019-08-03T18:00:00Z,15982878,2127264.6390100624,-469942.3191018654,NA,NA,32,NA,0,-6121846.378500528,-478244.0736660128
2019-08-03T18:25:36Z,2019-08-03T18:00:00Z,15982879,2129268.65632555,-469942.3191018654,NA,NA,30,155.561767578125,0,-6119639.318081361,-478253.9913602585
2019-08-03T18:25:36Z,2019-08-03T18:00:00Z,15988303,2129268.65632555,-471946.3364173537,NA,NA,30,71.8136215209961,0,-6119423.977620682,-480299.6926877688
2019-08-03T18:25:36Z,2019-08-03T18:00:00Z,15992742,155311.600570322,-473950.3537328411,NA,NA,30,21.391368865966797,0,-8160982.021374257,-477338.5866886699
2019-08-03T18:25:36Z,2019-08-03T18:00:00Z,15992967,606215.4965550182,-473950.3537328411,NA,NA,15,NA,0,-7708841.859185896,-477701.47184143227
2019-08-03T18:25:36Z,2019-08-03T18:00:00Z,16031915,2570152.465732809,-487978.47494125366,NA,NA,10,58.951412200927734,0,-5620222.733195077,-499241.5776902925
2019-08-03T18:25:36Z,2019-08-03T18:00:00Z,16063642,932870.3189794878,-500002.57883417886,NA,NA,12,NA,0,-7375649.673041935,-504610.6339222202
2019-08-03T18:25:36Z,2019-08-03T18:00:00Z,16069616,2035079.8424976356,-502006.59614966623,NA,NA,32,NA,0,-6219376.809083057,-510509.6772352064
2019-08-03T18:25:36Z,2019-08-03T18:00:00Z,16069617,2037083.859813123,-502006.59614966623,NA,NA,30,157.26097106933594,0,-6217188.662888336,-510519.7253570515
2019-08-03T18:25:36Z,2019-08-03T18:00:00Z,16075040,2035079.8424976356,-504010.6134651536,NA,NA,32,NA,0,-6219148.117729385,-512554.7261067663
2019-08-03T18:25:36Z,2019-08-03T18:00:00Z,16075041,2037083.859813123,-504010.6134651536,NA,NA,32,NA,0,-6216959.940933797,-512564.81511751236
2019-08-03T18:25:36Z,2019-08-03T18:00:00Z,16081073,3255526.387629548,-506014.6307806419,NA,NA,34,66.5216293334961,0,-4782280.144838169,-523377.55046846776
2019-08-03T18:25:36Z,2019-08-03T18:00:00Z,16156413,2061132.0675989734,-534070.8731974671,NA,NA,30,50.972103118896484,0,-6187122.481129567,-543381.0201592825
2019-08-03T18:25:36Z,2019-08-03T18:00:00Z,16161818,2023055.7386047104,-536074.8905129544,NA,NA,32,NA,0,-6228487.099228559,-545223.1316992681
2019-08-03T18:25:36Z,2019-08-03T18:00:00Z,16166065,-335672.6417241255,-538078.9078284418,NA,NA,30,21.30169677734375,0,-8645231.050052194,-542263.1540792423
2019-08-03T18:25:36Z,2019-08-03T18:00:00Z,16178088,2019047.7039737348,-542086.9424594175,NA,NA,30,321.33355712890625,0,-6232123.221598916,-551340.7612068141
2019-08-03T18:25:36Z,2019-08-03T18:00:00Z,16178089,2021051.7212892221,-542086.9424594175,NA,NA,30,155.45562744140625,0,-6229937.691151769,-551351.5254896518
2019-08-03T18:25:36Z,2019-08-03T18:00:00Z,16183512,2019047.7039737348,-544090.9597749049,NA,NA,30,171.7191162109375,0,-6231876.325087124,-553387.2531538255
2019-08-03T18:25:36Z,2019-08-03T18:00:00Z,16183513,2021051.7212892221,-544090.9597749049,NA,NA,30,80.26387023925781,0,-6229690.761867262,-553398.0581285966
2019-08-03T18:25:36Z,2019-08-03T18:00:00Z,16183927,2850714.8899010643,-544090.9597749049,NA,NA,32,NA,0,-5281963.079057996,-559096.0341941327
2019-08-03T18:25:36Z,2019-08-03T18:00:00Z,16194876,3053120.638765307,-548098.9944058796,NA,NA,32,NA,0,-5033447.144715442,-565061.4130931199
2019-08-03T18:25:36Z,2019-08-03T18:00:00Z,16194877,3055124.6560807936,-548098.9944058796,NA,NA,32,NA,0,-5030949.841927132,-565080.5009189107
2019-08-03T18:25:36Z,2019-08-03T18:00:00Z,16200300,3053120.638765307,-550103.011721367,NA,NA,30,486.4536437988281,0,-5033172.377622383,-567136.589850404
2019-08-03T18:25:36Z,2019-08-03T18:00:00Z,16200301,3055124.6560807936,-550103.011721367,NA,NA,30,290.58404541015625,0,-5030675.00460125,-567155.7493419106
2019-08-03T18:25:36Z,2019-08-03T18:00:00Z,16232330,2023055.7386047104,-562127.1156142931,NA,NA,12,NA,0,-6225240.531700414,-571832.223536935
2019-08-03T18:25:36Z,2019-08-03T18:00:00Z,16243817,3303622.803201249,-566135.1502452679,NA,NA,33,53.98931121826172,0,-4711484.242521316,-586375.2484302724
2019-08-03T18:25:36Z,2019-08-03T18:00:00Z,16287179,3243502.283736622,-582167.2887691678,NA,NA,34,25.184471130371094,0,-4787186.9961715145,-602380.5817610944
2019-08-03T18:25:36Z,2019-08-03T18:00:00Z,16312443,-475953.853808254,-592187.3753466057,NA,NA,15,NA,0,-8779575.773062913,-597183.9788963519
2019-08-03T18:25:36Z,2019-08-03T18:00:00Z,16330456,3013040.292455556,-598199.4272930687,NA,NA,30,26.001314163208008,0,-5076073.396261046,-616558.77269183
2019-08-03T18:25:36Z,2019-08-03T18:00:00Z,16416676,1882774.526520582,-630263.7043408696,NA,NA,30,51.964752197265625,0,-6368184.69477625,-640658.655741928
2019-08-03T18:25:36Z,2019-08-03T18:00:00Z,16427404,1642292.448662077,-634271.7389718443,NA,NA,30,58.756710052490234,0,-6624410.927252113,-643462.4976917418
2019-08-03T18:25:36Z,2019-08-03T18:00:00Z,16427721,2277565.937671628,-634271.7389718443,NA,NA,30,27.907197952270508,0,-5934088.306780259,-647340.1624904514
2019-08-03T18:25:36Z,2019-08-03T18:00:00Z,16427827,2489991.7731133075,-634271.7389718443,NA,NA,30,44.97956848144531,0,-5693261.4993483275,-648990.9845183332
2019-08-03T18:25:36Z,2019-08-03T18:00:00Z,16432943,1872754.439943144,-636275.7562873317,NA,NA,30,163.46469116210938,0,-6378125.481320309,-646745.4029041725
2019-08-03T18:25:36Z,2019-08-03T18:00:00Z,16432944,1874758.4572586324,-636275.7562873317,NA,NA,30,86.03864288330078,0,-6375966.38172286,-646757.0037064807
2019-08-03T18:25:36Z,2019-08-03T18:00:00Z,16438574,2287586.0242490657,-638279.7736028191,NA,NA,30,67.08271789550781,0,-5922267.821671864,-651528.0035377413
2019-08-03T18:25:36Z,2019-08-03T18:00:00Z,16449418,2279569.954987115,-642287.8082337948,NA,NA,30,76.92058563232422,0,-5930657.67876172,-655583.0162819179
2019-08-03T18:25:36Z,2019-08-03T18:00:00Z,16454842,2279569.954987115,-644291.8255492821,NA,NA,30,75.06019592285156,0,-5930358.8583627995,-657640.3352302007
2019-08-03T18:25:36Z,2019-08-03T18:00:00Z,16464496,-113226.7197050089,-648299.8601802569,NA,NA,15,NA,0,-8408989.708123263,-653760.2967031465
2019-08-03T18:25:36Z,2019-08-03T18:00:00Z,16471397,2846706.8552700896,-650303.8774957443,NA,NA,30,33.313087463378906,0,-5271314.615367156,-668809.2515000403
2019-08-03T18:25:36Z,2019-08-03T18:00:00Z,16476204,1610228.1716142762,-652307.8948112316,NA,NA,32,NA,0,-6655723.638551355,-661702.3606306291
2019-08-03T18:25:36Z,2019-08-03T18:00:00Z,16498624,3061136.7080272567,-660323.9640731821,NA,NA,30,41.11357498168945,0,-5006472.563864988,-681529.8708587097
2019-08-03T18:25:36Z,2019-08-03T18:00:00Z,16509107,2329670.3878743043,-664331.9987041568,NA,NA,32,NA,0,-5871018.079982055,-678610.5107665283
2019-08-03T18:25:36Z,2019-08-03T18:00:00Z,16509370,2856726.9418475274,-664331.9987041568,NA,NA,35,NA,0,-5256960.139142647,-683432.4251175764
2019-08-03T18:25:36Z,2019-08-03T18:00:00Z,16514295,1856722.3014192441,-666336.0160196451,NA,NA,33,107.99290466308594,0,-6390975.7334122565,-677384.9799980525
2019-08-03T18:25:36Z,2019-08-03T18:00:00Z,16514296,1858726.3187347315,-666336.0160196451,NA,NA,32,NA,0,-6388818.996770093,-677397.0246734835
2019-08-03T18:25:36Z,2019-08-03T18:00:00Z,16514297,1860730.336050219,-666336.0160196451,NA,NA,30,189.2975616455078,0,-6386661.899135046,-677409.084594682
2019-08-03T18:25:36Z,2019-08-03T18:00:00Z,16519719,1856722.3014192441,-668340.0333351325,NA,NA,32,NA,0,-6390674.383603575,-679434.6593179336
2019-08-03T18:25:36Z,2019-08-03T18:00:00Z,16519720,1858726.3187347315,-668340.0333351325,NA,NA,30,997.596923828125,0,-6388517.610389123,-679446.7414390754
2019-08-03T18:25:36Z,2019-08-03T18:00:00Z,16519721,1860730.336050219,-668340.0333351325,NA,NA,30,269.9409484863281,0,-6386360.476135042,-679458.8388536071
2019-08-03T18:25:36Z,2019-08-03T18:00:00Z,16519920,2259529.7818322396,-668340.0333351325,NA,NA,30,82.22926330566406,0,-5949133.274176745,-682182.7286542668
2019-08-03T18:25:36Z,2019-08-03T18:00:00Z,16519937,2293598.076195528,-668340.0333351325,NA,NA,10,56.629329681396484,0,-5910965.569539634,-682445.9633987551
2019-08-03T18:25:36Z,2019-08-03T18:00:00Z,16525143,1856722.3014192441,-670344.0506506199,NA,NA,33,137.714599609375,0,-6390372.109776637,-681484.4517406416
2019-08-03T18:25:36Z,2019-08-03T18:00:00Z,16525144,1858726.3187347315,-670344.0506506199,NA,NA,30,324.2671203613281,0,-6388215.299874778,-681496.5713187348
2019-08-03T18:25:36Z,2019-08-03T18:00:00Z,16534925,-279560.15689047426,-674352.0852815947,NA,NA,30,48.724952697753906,0,-8571844.507243017,-680285.4595286787
2019-08-03T18:25:36Z,2019-08-03T18:00:00Z,16535875,1624256.2928226897,-674352.0852815947,NA,NA,33,50.78750991821289,0,-6637653.293455396,-684272.4382153152
2019-08-03T18:25:36Z,2019-08-03T18:00:00Z,16552523,2377766.803446005,-680364.1372280577,NA,NA,33,63.723018646240234,0,-5814149.461062161,-695487.2260323677
2019-08-03T18:25:36Z,2019-08-03T18:00:00Z,16552934,3201417.9201113842,-680364.1372280577,NA,NA,32,NA,0,-4825465.347285342,-704092.1439169268
2019-08-03T18:25:36Z,2019-08-03T18:00:00Z,16557914,2311634.232034916,-682368.1545435451,NA,NA,32,NA,0,-5888497.404422271,-697006.846196988
2019-08-03T18:25:36Z,2019-08-03T18:00:00Z,16557915,2313638.2493504034,-682368.1545435451,NA,NA,30,89.02781677246094,0,-5886242.953518455,-697022.989414829
2019-08-03T18:25:36Z,2019-08-03T18:00:00Z,16558337,3159333.5564861465,-682368.1545435451,NA,NA,32,NA,0,-4878892.336481289,-705643.4411571586
2019-08-03T18:25:36Z,2019-08-03T18:00:00Z,16558338,3161337.573801633,-682368.1545435451,NA,NA,30,579.3310546875,0,-4876341.212683846,-705668.7449565432
2019-08-03T18:25:36Z,2019-08-03T18:00:00Z,16563100,1834678.1109488811,-684372.1718590325,NA,NA,30,36.561370849609375,0,-6411934.37704977,-695701.024571291
2019-08-03T18:25:36Z,2019-08-03T18:00:00Z,16563106,1846702.2148418063,-684372.1718590325,NA,NA,30,21.242082595825195,0,-6399010.253247631,-695774.5198440835
2019-08-03T18:25:36Z,2019-08-03T18:00:00Z,16563323,2281573.9723026026,-684372.1718590325,NA,NA,32,NA,0,-5921936.20999191,-698826.5175638646
2019-08-03T18:25:36Z,2019-08-03T18:00:00Z,16563324,2283577.989618091,-684372.1718590325,NA,NA,32,NA,0,-5919689.19107785,-698842.4404137947
2019-08-03T18:25:36Z,2019-08-03T18:00:00Z,16563337,2309630.2147194287,-684372.1718590325,NA,NA,30,93.61949157714844,0,-5890432.747936858,-699051.0691967773
2019-08-03T18:25:36Z,2019-08-03T18:00:00Z,16563761,3159333.5564861465,-684372.1718590325,NA,NA,30,377.9654846191406,0,-4878543.898486869,-707730.2141593251
2019-08-03T18:25:36Z,2019-08-03T18:00:00Z,16563762,3161337.573801633,-684372.1718590325,NA,NA,30,679.03485107421875,0,-4875992.677852312,-707755.5954573978
2019-08-03T18:25:36Z,2019-08-03T18:00:00Z,16563763,3163341.5911171213,-684372.1718590325,NA,NA,30,97.23475646972656,0,-4873440.501129907,-707781.0033688567
2019-08-03T18:25:36Z,2019-08-03T18:00:00Z,16568760,2307626.1974039413,-686376.1891745199,NA,NA,32,NA,0,-5892366.733668719,-701095.3310753085
2019-08-03T18:25:36Z,2019-08-03T18:00:00Z,16568761,2309630.2147194287,-686376.1891745199,NA,NA,30,448.17535400390625,0,-5890113.188498872,-701111.5364370283
2019-08-03T18:25:36Z,2019-08-03T18:00:00Z,16569113,3015044.3097710423,-686376.1891745199,NA,NA,34,48.752357482910156,0,-5059473.56986757,-708052.3246062298
2019-08-03T18:25:36Z,2019-08-03T18:00:00Z,16569186,3161337.573801633,-686376.1891745199,NA,NA,30,87.92517852783203,0,-4875643.093407235,-709842.5741596702
2019-08-03T18:25:36Z,2019-08-03T18:00:00Z,16574184,2307626.1974039413,-688380.2064900082,NA,NA,32,NA,0,-5892046.268991664,-703155.8686160343
2019-08-03T18:25:36Z,2019-08-03T18:00:00Z,16574185,2309630.2147194287,-688380.2064900082,NA,NA,30,157.96502685546875,0,-5889792.672959264,-703172.1230704903
2019-08-03T18:25:36Z,2019-08-03T18:00:00Z,16574537,3015044.3097710423,-688380.2064900082,NA,NA,33,146.7126007080078,0,-5059129.633137604,-710133.9816291764
2019-08-03T18:25:36Z,2019-08-03T18:00:00Z,16574538,3017048.3270865306,-688380.2064900082,NA,NA,30,70.08345031738281,0,-5056643.182464338,-710157.6667042775
2019-08-03T18:25:36Z,2019-08-03T18:00:00Z,16585031,2305622.180088453,-692388.2411209829,NA,NA,32,NA,0,-5893655.6665056115,-707260.9688649873
2019-08-03T18:25:36Z,2019-08-03T18:00:00Z,16585036,2315642.266665891,-692388.2411209829,NA,NA,35,NA,0,-5882384.654302103,-707342.8237039291
2019-08-03T18:25:36Z,2019-08-03T18:00:00Z,16589989,1371750.1110712597,-694392.2584364703,NA,NA,10,27.575578689575195,0,-6899319.974889001,-703498.309404297
2019-08-03T18:25:36Z,2019-08-03T18:00:00Z,16590455,2305622.180088453,-694392.2584364703,NA,NA,32,NA,0,-5893332.384091885,-709321.8176567015
2019-08-03T18:25:36Z,2019-08-03T18:00:00Z,16590456,2307626.1974039413,-694392.2584364703,NA,NA,30,92.78601837158203,0,-5891079.137351016,-709338.2011758665
2019-08-03T18:25:36Z,2019-08-03T18:00:00Z,16595879,2305622.180088453,-696396.2757519577,NA,NA,32,NA,0,-5893008.145111465,-711382.7872798309
2019-08-03T18:25:36Z,2019-08-03T18:00:00Z,16595880,2307626.1974039413,-696396.2757519577,NA,NA,30,71.82195281982422,0,-5890754.846950775,-711399.2199004381
2019-08-03T18:25:36Z,2019-08-03T18:00:00Z,16595912,2371754.751499542,-696396.2757519577,NA,NA,32,NA,0,-5818379.748570968,-711934.8327281384
2019-08-03T18:25:36Z,2019-08-03T18:00:00Z,16595913,2373758.7688150294,-696396.2757519577,NA,NA,30,252.351318359375,0,-5816109.463329563,-711951.8784300368
2019-08-03T18:25:36Z,2019-08-03T18:00:00Z,16601169,2037083.859813123,-698400.293067445,NA,NA,30,32.412044525146484,0,-6190368.198419787,-711396.8722554898
2019-08-03T18:25:36Z,2019-08-03T18:00:00Z,16601290,2279569.954987115,-698400.293067445,NA,NA,32,NA,0,-5921931.056800077,-713231.2857898137
2019-08-03T18:25:36Z,2019-08-03T18:00:00Z,16601303,2305622.180088453,-698400.293067445,NA,NA,32,NA,0,-5892682.94936814,-713443.878102286
2019-08-03T18:25:36Z,2019-08-03T18:00:00Z,16601304,2307626.1974039413,-698400.293067445,NA,NA,32,NA,0,-5890429.59963053,-713460.3598404558
2019-08-03T18:25:36Z,2019-08-03T18:00:00Z,16601305,2309630.2147194287,-698400.293067445,NA,NA,32,NA,0,-5888175.746929002,-713476.859998576
2019-08-03T18:25:36Z,2019-08-03T18:00:00Z,16601336,2371754.751499542,-698400.293067445,NA,NA,30,62.628440856933594,0,-5818052.812394176,-713997.5738812899
2019-08-03T18:25:36Z,2019-08-03T18:00:00Z,16606714,2279569.954987115,-700404.3103829334,NA,NA,30,104.41056060791016,0,-5921605.570180866,-715291.8644616219
2019-08-03T18:25:36Z,2019-08-03T18:00:00Z,16612156,2315642.266665891,-702408.3276984207,NA,NA,32,NA,0,-5880757.381600984,-717649.5103664587
2019-08-03T18:25:36Z,2019-08-03T18:00:00Z,16612157,2317646.283981379,-702408.3276984207,NA,NA,32,NA,0,-5878501.405380812,-717666.1831743509
2019-08-03T18:25:36Z,2019-08-03T18:00:00Z,16617580,2315642.266665891,-704412.3450139081,NA,NA,32,NA,0,-5880429.05342031,-719711.2133817828
2019-08-03T18:25:36Z,2019-08-03T18:00:00Z,16617581,2317646.283981379,-704412.3450139081,NA,NA,30,251.0463409423828,0,-5878173.024789936,-719727.9356333963
2019-08-03T18:25:36Z,2019-08-03T18:00:00Z,16617947,3051116.621449819,-704412.3450139081,NA,NA,30,60.1175651550293,0,-5011440.6763588665,-727232.4355530691
2019-08-03T18:25:36Z,2019-08-03T18:00:00Z,16617984,3125265.2621228583,-704412.3450139081,NA,NA,30,50.451297760009766,0,-4918244.225226238,-728164.5436317503
2019-08-03T18:25:36Z,2019-08-03T18:00:00Z,16622747,1800609.816585593,-706416.3623293955,NA,NA,32,NA,0,-6445037.940000506,-718048.7232639678
2019-08-03T18:25:36Z,2019-08-03T18:00:00Z,16628444,2347706.5437136916,-708420.3796448829,NA,NA,30,132.7970428466797,0,-5843610.125514236,-724106.386325992
2019-08-03T18:25:36Z,2019-08-03T18:00:00Z,16628445,2349710.561029179,-708420.3796448829,NA,NA,30,61.48854446411133,0,-5841345.79071604,-724123.5093683628
2019-08-03T18:25:36Z,2019-08-03T18:00:00Z,16644611,2137284.7255875003,-714432.4315913459,NA,NA,30,82.17698669433594,0,-6077638.403129617,-728585.5086677365
2019-08-03T18:25:36Z,2019-08-03T18:00:00Z,16645056,3029072.430979455,-714432.4315913459,NA,NA,33,72.0731201171875,0,-5037133.551560557,-737380.1128412947
2019-08-03T18:25:36Z,2019-08-03T18:00:00Z,16650109,2285582.0069335783,-716436.4489068333,NA,NA,32,NA,0,-5912223.772132544,-731831.0025618502
2019-08-03T18:25:36Z,2019-08-03T18:00:00Z,16650110,2287586.0242490657,-716436.4489068333,NA,NA,32,NA,0,-5909974.947264189,-731847.7386380483
2019-08-03T18:25:36Z,2019-08-03T18:00:00Z,16650480,3029072.430979455,-716436.4489068333,NA,NA,30,123.54257202148438,0,-5036774.551435966,-739464.0905162366
2019-08-03T18:25:36Z,2019-08-03T18:00:00Z,16650481,3031076.448294943,-716436.4489068333,NA,NA,30,75.73725128173828,0,-5034280.8551792605,-739488.9653695781
2019-08-03T18:25:36Z,2019-08-03T18:00:00Z,16660623,1616240.2235607393,-720444.4835378081,NA,NA,30,71.739501953125,0,-6638972.111528103,-731317.4346882257
2019-08-03T18:25:36Z,2019-08-03T18:00:00Z,16660846,2063136.0849144608,-720444.4835378081,NA,NA,10,73.040924072265625,0,-6158261.706556679,-734200.7617921967
2019-08-03T18:25:36Z,2019-08-03T18:00:00Z,16660955,2281573.9723026026,-720444.4835378081,NA,NA,32,NA,0,-5916050.694257499,-735921.1838309679
2019-08-03T18:25:36Z,2019-08-03T18:00:00Z,16660956,2283577.989618091,-720444.4835378081,NA,NA,32,NA,0,-5913802.755227229,-735937.9796281575
2019-08-03T18:25:36Z,2019-08-03T18:00:00Z,16660963,2297606.1108265035,-720444.4835378081,NA,NA,33,98.70799255371094,0,-5898053.279959398,-736056.0792918988
2019-08-03T18:25:36Z,2019-08-03T18:00:00Z,16660964,2299610.128141991,-720444.4835378081,NA,NA,33,101.10538482666016,0,-5895801.360240772,-736073.0264161276
2019-08-03T18:25:36Z,2019-08-03T18:00:00Z,16666046,1614236.206245252,-722448.5008532964,NA,NA,32,NA,0,-6640767.991254778,-733354.9504337138
2019-08-03T18:25:36Z,2019-08-03T18:00:00Z,16666047,1616240.2235607393,-722448.5008532964,NA,NA,30,388.1217956542969,0,-6638650.167685946,-733366.1031463539
2019-08-03T18:25:36Z,2019-08-03T18:00:00Z,16666048,1618244.2408762267,-722448.5008532964,NA,NA,30,60.715293884277344,0,-6636532.043781961,-733377.271463605
2019-08-03T18:25:36Z,2019-08-03T18:00:00Z,16666386,2295602.093511016,-722448.5008532964,NA,NA,33,94.58690643310547,0,-5899968.273363179,-738101.4793623367
2019-08-03T18:25:36Z,2019-08-03T18:00:00Z,16666387,2297606.1108265035,-722448.5008532964,NA,NA,32,NA,0,-5897716.800663831,-738118.4565613937
2019-08-03T18:25:36Z,2019-08-03T18:00:00Z,16666388,2299610.128141991,-722448.5008532964,NA,NA,30,525.52197265625,0,-5895464.827771947,-738135.4527786019
2019-08-03T18:25:36Z,2019-08-03T18:00:00Z,16671471,1616240.2235607393,-724452.5181687837,NA,NA,30,87.91465759277344,0,-6638327.307854176,-735414.8930241824
2019-08-03T18:25:36Z,2019-08-03T18:00:00Z,16671712,2099208.3965932364,-724452.5181687837,NA,NA,32,NA,0,-6117967.134608303,-738585.7954043752
2019-08-03T18:25:36Z,2019-08-03T18:00:00Z,16671810,2295602.093511016,-724452.5181687837,NA,NA,32,NA,0,-5899630.888584255,-740163.9335085666
2019-08-03T18:25:36Z,2019-08-03T18:00:00Z,16671811,2297606.1108265035,-724452.5181687837,NA,NA,32,NA,0,-5897379.362628036,-740180.959761873
2019-08-03T18:25:36Z,2019-08-03T18:00:00Z,16671812,2299610.128141991,-724452.5181687837,NA,NA,33,108.15737915039062,0,-5895127.33640566,-740198.0050887652
2019-08-03T18:25:36Z,2019-08-03T18:00:00Z,16686805,-263528.0183665743,-730464.5701152459,NA,NA,10,70.86912536621094,0,-8547561.17485031,-737261.9529090617
2019-08-03T18:25:36Z,2019-08-03T18:00:00Z,16686806,-261524.00105108693,-730464.5701152459,NA,NA,10,76.88799285888672,0,-8545554.205132857,-737260.2253982174
2019-08-03T18:25:36Z,2019-08-03T18:00:00Z,16692224,-273548.1049440121,-732468.5874307333,NA,NA,30,41.75814437866211,0,-8557290.370921422,-739307.839704044
2019-08-03T18:25:36Z,2019-08-03T18:00:00Z,16693969,3223462.1105817463,-732468.5874307333,NA,NA,30,49.0339241027832,0,-4787665.427640121,-758738.4972161646
2019-08-03T18:25:36Z,2019-08-03T18:00:00Z,16698674,1782573.6607462056,-734472.6047462216,NA,NA,30,80.54240417480469,0,-6459808.058421533,-746658.4430082748
2019-08-03T18:25:36Z,2019-08-03T18:00:00Z,16703854,1293593.4357672455,-736476.622061709,NA,NA,32,NA,0,-6973829.401795551,-746078.6507897859
2019-08-03T18:25:36Z,2019-08-03T18:00:00Z,16703855,1295597.4530827329,-736476.622061709,NA,NA,32,NA,0,-6971753.542938968,-746087.567526016
2019-08-03T18:25:36Z,2019-08-03T18:00:00Z,16704072,1730469.2105435291,-736476.622061709,NA,NA,30,40.111717224121094,0,-6515129.180988737,-748385.2948244187
2019-08-03T18:25:36Z,2019-08-03T18:00:00Z,16704639,2866747.028424965,-736476.622061709,NA,NA,10,127.00821685791016,0,-5232439.24020263,-758323.6892676848
2019-08-03T18:25:36Z,2019-08-03T18:00:00Z,16709278,1293593.4357672455,-738480.6393771963,NA,NA,33,89.3739242553711,0,-6973505.2320088195,-748123.6832361394
2019-08-03T18:25:36Z,2019-08-03T18:00:00Z,16709279,1295597.4530827329,-738480.6393771963,NA,NA,32,NA,0,-6971429.34436572,-748132.6251965861
2019-08-03T18:25:36Z,2019-08-03T18:00:00Z,16714912,1714437.0720196292,-740484.6566926837,NA,NA,33,318.1407470703125,0,-6531544.883259292,-752390.0644251427
2019-08-03T18:25:36Z,2019-08-03T18:00:00Z,16714913,1716441.0893351166,-740484.6566926837,NA,NA,33,601.519287109375,0,-6529411.112643794,-752402.3167459996
2019-08-03T18:25:36Z,2019-08-03T18:00:00Z,16714925,1740489.297120967,-740484.6566926837,NA,NA,33,182.19671630859375,0,-6503780.33774962,-752550.6262127011
2019-08-03T18:25:36Z,2019-08-03T18:00:00Z,16714926,1742493.3144364543,-740484.6566926837,NA,NA,32,NA,0,-6501642.297078094,-752563.092386325
2019-08-03T18:25:36Z,2019-08-03T18:00:00Z,16714927,1744497.3317519417,-740484.6566926837,NA,NA,33,123.57730102539062,0,-6499503.92436086,-752575.5750681206
2019-08-03T18:25:36Z,2019-08-03T18:00:00Z,16719380,-201403.48158646002,-742488.6740081711,NA,NA,10,20.10401153564453,0,-8483508.784818176,-749437.6877334957
2019-08-03T18:25:36Z,2019-08-03T18:00:00Z,16720325,1692392.8815492662,-742488.6740081711,NA,NA,32,NA,0,-6554662.548688681,-754307.5264119174
2019-08-03T18:25:36Z,2019-08-03T18:00:00Z,16720329,1700408.9508112157,-742488.6740081711,NA,NA,33,164.3426971435547,0,-6546139.582220245,-754356.0504447679
2019-08-03T18:25:36Z,2019-08-03T18:00:00Z,16720330,1702412.968126704,-742488.6740081711,NA,NA,32,NA,0,-6544008.038306901,-754368.2223889778
2019-08-03T18:25:36Z,2019-08-03T18:00:00Z,16720336,1714437.0720196292,-742488.6740081711,NA,NA,32,NA,0,-6531211.996797383,-754441.5985380501
2019-08-03T18:25:36Z,2019-08-03T18:00:00Z,16720337,1716441.0893351166,-742488.6740081711,NA,NA,33,186.03883361816406,0,-6529078.188830106,-754453.885385952
2019-08-03T18:25:36Z,2019-08-03T18:00:00Z,16720349,1740489.297120967,-742488.6740081711,NA,NA,33,85.145172119140625,0,-6503446.962041625,-754602.6128067853
2019-08-03T18:25:36Z,2019-08-03T18:00:00Z,16720350,1742493.3144364543,-742488.6740081711,NA,NA,33,380.5008850097656,0,-6501308.883403924,-754615.1141131197
2019-08-03T18:25:36Z,2019-08-03T18:00:00Z,16720351,1744497.3317519417,-742488.6740081711,NA,NA,33,70.74417877197266,0,-6499170.472672716,-754627.6319743942
2019-08-03T18:25:36Z,2019-08-03T18:00:00Z,16721086,3217450.058635285,-742488.6740081711,NA,NA,30,41.180110931396484,0,-4793514.937965835,-769117.5258464854
2019-08-03T18:25:36Z,2019-08-03T18:00:00Z,16725749,1692392.8815492662,-744492.6913236594,NA,NA,30,276.6488952636719,0,-6554329.148270021,-756358.8091862599
2019-08-03T18:25:36Z,2019-08-03T18:00:00Z,16725750,1694396.8988647535,-744492.6913236594,NA,NA,30,167.46266174316406,0,-6552198.850080245,-756370.9496778657
2019-08-03T18:25:36Z,2019-08-03T18:00:00Z,16725753,1700408.9508112157,-744492.6913236594,NA,NA,32,NA,0,-6545806.033737229,-756407.4696120938
2019-08-03T18:25:36Z,2019-08-03T18:00:00Z,16725754,1702412.968126704,-744492.6913236594,NA,NA,30,1550.8143310546875,0,-6543674.452692055,-756419.6757701634
2019-08-03T18:25:36Z,2019-08-03T18:00:00Z,16725755,1704416.9854421914,-744492.6913236594,NA,NA,30,129.56396484375,0,-6541542.549676989,-756431.8983650354
2019-08-03T18:25:36Z,2019-08-03T18:00:00Z,16730236,-185371.34306256007,-746496.7086391468,NA,NA,30,22.065975189208984,0,-8466836.94759268,-753502.627489908
2019-08-03T18:25:36Z,2019-08-03T18:00:00Z,16731170,1686380.829602803,-746496.7086391468,NA,NA,30,83.462371826171875,0,-6560383.916589276,-758373.7927487235
2019-08-03T18:25:36Z,2019-08-03T18:00:00Z,16731177,1700408.9508112157,-746496.7086391468,NA,NA,30,93.56847381591797,0,-6545471.562883795,-758459.0145837648
2019-08-03T18:25:36Z,2019-08-03T18:00:00Z,16731178,1702412.968126704,-746496.7086391468,NA,NA,30,145.7447967529297,0,-6543339.94460095,-758471.2549670051
2019-08-03T18:25:36Z,2019-08-03T18:00:00Z,16736593,1684376.8122873157,-748500.7259546341,NA,NA,30,71.16226959228516,0,-6562177.88046342,-760413.0828478957
2019-08-03T18:25:36Z,2019-08-03T18:00:00Z,16736594,1686380.829602803,-748500.7259546341,NA,NA,30,206.54910278320312,0,-6560048.783275735,-760425.225523714
2019-08-03T18:25:36Z,2019-08-03T18:00:00Z,16736605,1708425.0200731661,-748500.7259546341,NA,NA,32,NA,0,-6536607.612568054,-760559.8834072852
2019-08-03T18:25:36Z,2019-08-03T18:00:00Z,16736606,1710429.0373886535,-748500.7259546341,NA,NA,30,80.78416442871094,0,-6534474.665665153,-760572.2241937477
2019-08-03T18:25:36Z,2019-08-03T18:00:00Z,16742155,1960931.2018245962,-750504.7432701215,NA,NA,30,37.4407844543457,0,-6264792.272667462,-764304.7270673002
2019-08-03T18:25:36Z,2019-08-03T18:00:00Z,16742426,2504019.89432172,-750504.7432701215,NA,NA,35,NA,0,-5658102.8888559295,-768933.3955989097
2019-08-03T18:25:36Z,2019-08-03T18:00:00Z,16747638,2079168.2234383617,-752508.7605856089,NA,NA,32,NA,0,-6135254.421379413,-767252.4756984293
2019-08-03T18:25:36Z,2019-08-03T18:00:00Z,16752854,1662332.6218169527,-754512.7779010963,NA,NA,10,66.63634490966797,0,-6584567.496932691,-766434.4453441276
2019-08-03T18:25:36Z,2019-08-03T18:00:00Z,16752875,1704416.9854421914,-754512.7779010963,NA,NA,30,67.26032257080078,0,-6539860.593122077,-766691.2311653544
2019-08-03T18:25:36Z,2019-08-03T18:00:00Z,16752876,1706421.0027576787,-754512.7779010963,NA,NA,30,160.277099609375,0,-6537728.179917307,-766703.641908267
2019-08-03T18:25:36Z,2019-08-03T18:00:00Z,16753062,2079168.2234383617,-754512.7779010963,NA,NA,32,NA,0,-6134908.214630635,-769311.8574239925
2019-08-03T18:25:36Z,2019-08-03T18:00:00Z,16753080,2115240.5351171372,-754512.7779010963,NA,NA,30,81.42034149169922,0,-6095201.277956135,-769597.1571281251
2019-08-03T18:25:36Z,2019-08-03T18:00:00Z,16758258,1622252.2755072024,-756516.7952165846,NA,NA,33,91.10102081298828,0,-6626679.759838773,-768247.5350115453
2019-08-03T18:25:36Z,2019-08-03T18:00:00Z,16758259,1624256.2928226897,-756516.7952165846,NA,NA,32,NA,0,-6624560.134070749,-768259.3010804259
2019-08-03T18:25:36Z,2019-08-03T18:00:00Z,16758299,1704416.9854421914,-756516.7952165846,NA,NA,32,NA,0,-6539521.431938624,-768743.4791617744
2019-08-03T18:25:36Z,2019-08-03T18:00:00Z,16758300,1706421.0027576787,-756516.7952165846,NA,NA,30,82.3528823852539,0,-6537388.980871774,-768755.924279711
2019-08-03T18:25:36Z,2019-08-03T18:00:00Z,16758310,1726461.1759125544,-756516.7952165846,NA,NA,32,NA,0,-6516046.607418962,-768881.2970585652
2019-08-03T18:25:36Z,2019-08-03T18:00:00Z,16758311,1728465.1932280418,-756516.7952165846,NA,NA,32,NA,0,-6513910.572632758,-768893.9266799741
2019-08-03T18:25:36Z,2019-08-03T18:00:00Z,16758633,2373758.7688150294,-756516.7952165846,NA,NA,30,113.17831420898438,0,-5805880.270018413,-773890.2758309884
2019-08-03T18:25:36Z,2019-08-03T18:00:00Z,16759064,3237490.2317901608,-756516.7952165846,NA,NA,35,NA,0,-4764929.8692809185,-784064.2328945304
2019-08-03T18:25:36Z,2019-08-03T18:00:00Z,16763682,1622252.2755072024,-758520.812532072,NA,NA,32,NA,0,-6626341.191572959,-770298.5408610757
2019-08-03T18:25:36Z,2019-08-03T18:00:00Z,16763683,1624256.2928226897,-758520.812532072,NA,NA,32,NA,0,-6624221.529723856,-770310.3394315147
2019-08-03T18:25:36Z,2019-08-03T18:00:00Z,16763723,1704416.9854421914,-758520.812532072,NA,NA,30,185.01919555664062,0,-6539181.347010106,-770795.8551436763
2019-08-03T18:25:36Z,2019-08-03T18:00:00Z,16763724,1706421.0027576787,-758520.812532072,NA,NA,33,90.7837142944336,0,-6537048.857974815,-770808.3346481733
2019-08-03T18:25:36Z,2019-08-03T18:00:00Z,16763734,1726461.1759125544,-758520.812532072,NA,NA,32,NA,0,-6515706.102209967,-770934.0538521528
2019-08-03T18:25:36Z,2019-08-03T18:00:00Z,16763735,1728465.1932280418,-758520.812532072,NA,NA,32,NA,0,-6513570.028928157,-770946.7183725537
2019-08-03T18:25:36Z,2019-08-03T18:00:00Z,16763918,2095200.3619622616,-758520.812532072,NA,NA,32,NA,0,-6116581.987353701,-773557.766378589
2019-08-03T18:25:36Z,2019-08-03T18:00:00Z,16763919,2097204.379277749,-758520.812532072,NA,NA,33,61.89020919799805,0,-6114376.174057938,-773573.694798016
2019-08-03T18:25:36Z,2019-08-03T18:00:00Z,16769106,1622252.2755072024,-760524.8298475593,NA,NA,32,NA,0,-6626001.703614434,-772349.6745965732
2019-08-03T18:25:36Z,2019-08-03T18:00:00Z,16769107,1624256.2928226897,-760524.8298475593,NA,NA,30,71.1207275390625,0,-6623882.005583245,-772361.5056794538
2019-08-03T18:25:36Z,2019-08-03T18:00:00Z,16769158,1726461.1759125544,-760524.8298475593,NA,NA,32,NA,0,-6515364.671881831,-772986.9391199121
2019-08-03T18:25:36Z,2019-08-03T18:00:00Z,16769159,1728465.1932280418,-760524.8298475593,NA,NA,32,NA,0,-6513228.5599964615,-772999.6385510791
2019-08-03T18:25:36Z,2019-08-03T18:00:00Z,16769342,2095200.3619622616,-760524.8298475593,NA,NA,32,NA,0,-6116232.552310706,-775617.8894238042
2019-08-03T18:25:36Z,2019-08-03T18:00:00Z,16769343,2097204.379277749,-760524.8298475593,NA,NA,34,51.39140319824219,0,-6114026.690039988,-775633.861816693
2019-08-03T18:25:36Z,2019-08-03T18:00:00Z,16774529,1620248.258191714,-762528.8471630467,NA,NA,32,NA,0,-6627780.72743141,-774389.0895048808
2019-08-03T18:25:36Z,2019-08-03T18:00:00Z,16774530,1622252.2755072024,-762528.8471630467,NA,NA,33,150.23529052734375,0,-6625661.295768719,-774400.9365772029
2019-08-03T18:25:36Z,2019-08-03T18:00:00Z,16774531,1624256.2928226897,-762528.8471630467,NA,NA,30,72.93243408203125,0,-6623541.561454427,-774412.8001834237
2019-08-03T18:25:36Z,2019-08-03T18:00:00Z,16774567,1696400.916180241,-762528.8471630467,NA,NA,32,NA,0,-6547025.442357171,-774850.9677983201
2019-08-03T18:25:36Z,2019-08-03T18:00:00Z,16775020,2604220.7600960974,-762528.8471630467,NA,NA,30,26.496654510498047,0,-5539770.919531015,-782387.416474965
2019-08-03T18:25:36Z,2019-08-03T18:00:00Z,16779968,1650308.5179240275,-764532.8644785341,NA,NA,32,NA,0,-6595615.411847537,-776620.3854023046
2019-08-03T18:25:36Z,2019-08-03T18:00:00Z,16779990,1694396.8988647535,-764532.8644785341,NA,NA,32,NA,0,-6548813.731575606,-776891.0944067198
2019-08-03T18:25:36Z,2019-08-03T18:00:00Z,16779991,1696400.916180241,-764532.8644785341,NA,NA,32,NA,0,-6546682.737689735,-776903.5926785646
2019-08-03T18:25:36Z,2019-08-03T18:00:00Z,16780115,1944899.0633006962,-764532.8644785341,NA,NA,30,33.80510330200195,0,-6279787.15162622,-778586.9557127344
2019-08-03T18:25:36Z,2019-08-03T18:00:00Z,16785391,1648304.5006085401,-766536.8817940215,NA,NA,32,NA,0,-6597396.435756017,-778660.219218748
2019-08-03T18:25:36Z,2019-08-03T18:00:00Z,16785392,1650308.5179240275,-766536.8817940215,NA,NA,30,474.266845703125,0,-6595272.6487143235,-778672.3647417173
2019-08-03T18:25:36Z,2019-08-03T18:00:00Z,16785393,1652312.535239515,-766536.8817940215,NA,NA,30,55.96216583251953,0,-6593148.552111156,-778684.526999751
2019-08-03T18:25:36Z,2019-08-03T18:00:00Z,16785414,1694396.8988647535,-766536.8817940215,NA,NA,32,NA,0,-6548470.14095645,-778943.8144675868
2019-08-03T18:25:36Z,2019-08-03T18:00:00Z,16785415,1696400.916180241,-766536.8817940215,NA,NA,32,NA,0,-6546339.108915505,-778956.3469402044
2019-08-03T18:25:36Z,2019-08-03T18:00:00Z,16790836,1690388.8642337779,-768540.8991095098,NA,NA,32,NA,0,-6552386.805666842,-780971.5817616803
2019-08-03T18:25:36Z,2019-08-03T18:00:00Z,16790837,1692392.8815492662,-768540.8991095098,NA,NA,32,NA,0,-6550256.375914702,-780984.1145344233
2019-08-03T18:25:36Z,2019-08-03T18:00:00Z,16790838,1694396.8988647535,-768540.8991095098,NA,NA,30,75.76378631591797,0,-6548125.626138501,-780996.6642591527
2019-08-03T18:25:36Z,2019-08-03T18:00:00Z,16796260,1690388.8642337779,-770544.9164249972,NA,NA,30,273.8536071777344,0,-6552041.4430420045,-783024.4933361157
2019-08-03T18:25:36Z,2019-08-03T18:00:00Z,16796261,1692392.8815492662,-770544.9164249972,NA,NA,30,210.7641143798828,0,-6549910.97501862,-783037.0602401008
2019-08-03T18:25:36Z,2019-08-03T18:00:00Z,16796262,1694396.8988647535,-770544.9164249972,NA,NA,30,147.46495056152344,0,-6547780.186923324,-783049.6441424747
2019-08-03T18:25:36Z,2019-08-03T18:00:00Z,16796920,3013040.292455556,-770544.9164249972,NA,NA,30,47.12201690673828,0,-5046628.7437707065,-795569.1448431717
2019-08-03T18:25:36Z,2019-08-03T18:00:00Z,16801672,1666340.6564479275,-772548.9337404845,NA,NA,30,230.7726593017578,0,-6577236.445448316,-784927.6492513764
2019-08-03T18:25:36Z,2019-08-03T18:00:00Z,16801673,1668344.6737634158,-772548.9337404845,NA,NA,32,NA,0,-6575109.741531759,-784940.0464068829
2019-08-03T18:25:36Z,2019-08-03T18:00:00Z,16801684,1690388.8642337779,-772548.9337404845,NA,NA,30,118.50963592529297,0,-6551695.156032588,-785077.5353402087
2019-08-03T18:25:36Z,2019-08-03T18:00:00Z,16801685,1692392.8815492662,-772548.9337404845,NA,NA,30,94.87519836425781,0,-6549564.649632186,-785090.1363871024
2019-08-03T18:25:36Z,2019-08-03T18:00:00Z,16802467,3259534.422260523,-772548.9337404845,NA,NA,33,82.28913879394531,0,-4733168.167710106,-801159.6676863958
2019-08-03T18:25:36Z,2019-08-03T18:00:00Z,16806115,-299600.3300453499,-774552.9510559719,NA,NA,35,NA,0,-8576761.281178594,-782140.0749538088
2019-08-03T18:25:36Z,2019-08-03T18:00:00Z,16807083,1640288.4313465897,-774552.9510559719,NA,NA,30,28.911483764648438,0,-6604508.969424356,-786820.3585515928
2019-08-03T18:25:36Z,2019-08-03T18:00:00Z,16807096,1666340.6564479275,-774552.9510559719,NA,NA,30,183.22406005859375,0,-6576889.691922362,-786980.4158048735
2019-08-03T18:25:36Z,2019-08-03T18:00:00Z,16807097,1668344.6737634158,-774552.9510559719,NA,NA,32,NA,0,-6574762.950094644,-786992.8465595517
2019-08-03T18:25:36Z,2019-08-03T18:00:00Z,16812497,1620248.258191714,-776556.9683714593,NA,NA,32,NA,0,-6625372.355714582,-788751.3167857768
2019-08-03T18:25:36Z,2019-08-03T18:00:00Z,16812523,1672352.7083943905,-776556.9683714593,NA,NA,30,80.4046401977539,0,-6570160.732148469,-789070.7575899452
2019-08-03T18:25:36Z,2019-08-03T18:00:00Z,16812524,1674356.725709878,-776556.9683714593,NA,NA,30,100.20471954345703,0,-6568033.0081189955,-789083.2730941214
2019-08-03T18:25:36Z,2019-08-03T18:00:00Z,16812537,1700408.9508112157,-776556.9683714593,NA,NA,30,171.4162139892578,0,-6540343.68351623,-789247.5303833608
2019-08-03T18:25:36Z,2019-08-03T18:00:00Z,16812538,1702412.968126704,-776556.9683714593,NA,NA,30,134.09060668945312,0,-6538211.493937518,-789260.2855239469
2019-08-03T18:25:36Z,2019-08-03T18:00:00Z,16812749,2125260.621694575,-776556.9683714593,NA,NA,30,145.0374755859375,0,-6080263.174513098,-792350.5241059397
2019-08-03T18:25:36Z,2019-08-03T18:00:00Z,16812750,2127264.6390100624,-776556.9683714593,NA,NA,32,NA,0,-6078050.336382061,-792367.137981766
2019-08-03T18:25:36Z,2019-08-03T18:00:00Z,16817947,1672352.7083943905,-778560.9856869476,NA,NA,32,NA,0,-6569812.01687217,-791123.8875363244
2019-08-03T18:25:36Z,2019-08-03T18:00:00Z,16817948,1674356.725709878,-778560.9856869476,NA,NA,30,232.84457397460938,0,-6567684.254580266,-791136.4368013989
2019-08-03T18:25:36Z,2019-08-03T18:00:00Z,16817950,1678364.7603408527,-778560.9856869476,NA,NA,30,60.2390022277832,0,-6563427.782190752,-791161.5866668845
2019-08-03T18:25:36Z,2019-08-03T18:00:00Z,16817951,1680368.777656341,-778560.9856869476,NA,NA,30,78.95436096191406,0,-6561299.071097833,-791174.187283894
2019-08-03T18:25:36Z,2019-08-03T18:00:00Z,16817953,1684376.8122873157,-778560.9856869476,NA,NA,30,97.63306427001953,0,-6557040.696623565,-791199.4399280347
2019-08-03T18:25:36Z,2019-08-03T18:00:00Z,16817954,1686380.829602803,-778560.9856869476,NA,NA,30,97.95597076416016,0,-6554911.032243773,-791212.0919718652
2019-08-03T18:25:36Z,2019-08-03T18:00:00Z,16818173,2125260.621694575,-778560.9856869476,NA,NA,33,99.04791259765625,0,-6079904.441426174,-794412.509583124
2019-08-03T18:25:36Z,2019-08-03T18:00:00Z,16823364,1658324.587185978,-780565.003002435,NA,NA,32,NA,0,-6584348.180766266,-793089.5476432855
2019-08-03T18:25:36Z,2019-08-03T18:00:00Z,16823372,1674356.725709878,-780565.003002435,NA,NA,30,265.07354736328125,0,-6567334.576698353,-793189.7322910334
2019-08-03T18:25:36Z,2019-08-03T18:00:00Z,16823373,1676360.7430253653,-780565.003002435,NA,NA,30,97.44386291503906,0,-6565206.460221977,-793202.3324839445
2019-08-03T18:25:36Z,2019-08-03T18:00:00Z,16823998,2928871.5652050786,-780565.003002435,NA,NA,30,27.131418228149414,0,-5148498.9670694675,-804898.353918676
2019-08-03T18:25:36Z,2019-08-03T18:00:00Z,16829557,3199413.902795896,-782569.0203179223,NA,NA,32,NA,0,-4808867.95912529,-810737.1380538335
2019-08-03T18:25:36Z,2019-08-03T18:00:00Z,16833313,-143286.97943732142,-784573.0376334097,NA,NA,30,25.994813919067383,0,-8418606.226988086,-792218.09081858
2019-08-03T18:25:36Z,2019-08-03T18:00:00Z,16834219,1672352.7083943905,-784573.0376334097,NA,NA,30,70.61585235595703,0,-6568760.324806656,-797284.0694469636
2019-08-03T18:25:36Z,2019-08-03T18:00:00Z,16834222,1678364.7603408527,-784573.0376334097,NA,NA,30,59.878265380859375,0,-6562375.743445132,-797322.0730523539
2019-08-03T18:25:36Z,2019-08-03T18:00:00Z,16834446,2127264.6390100624,-784573.0376334097,NA,NA,32,NA,0,-6076609.486646641,-800616.0704175262
2019-08-03T18:25:36Z,2019-08-03T18:00:00Z,16838741,-135270.91017537192,-786577.0549488971,NA,NA,32,NA,0,-8410253.636248287,-794254.2751704779
2019-08-03T18:25:36Z,2019-08-03T18:00:00Z,16839634,1654316.5525550023,-786577.0549488971,NA,NA,32,NA,0,-6587545.022462107,-799224.345683965
2019-08-03T18:25:36Z,2019-08-03T18:00:00Z,16839635,1656320.5698704906,-786577.0549488971,NA,NA,32,NA,0,-6585419.927416134,-799236.8748359013
2019-08-03T18:25:36Z,2019-08-03T18:00:00Z,16839643,1672352.7083943905,-786577.0549488971,NA,NA,30,52.764122009277344,0,-6568407.91136613,-799337.7286474882
2019-08-03T18:25:36Z,2019-08-03T18:00:00Z,16839646,1678364.7603408527,-786577.0549488971,NA,NA,30,79.83368682861328,0,-6562023.213814593,-799375.8338149295
2019-08-03T18:25:36Z,2019-08-03T18:00:00Z,16839647,1680368.777656341,-786577.0549488971,NA,NA,30,50.700111389160156,0,-6559894.348046363,-799388.570148274
2019-08-03T18:25:36Z,2019-08-03T18:00:00Z,16845058,1654316.5525550023,-788581.0722643845,NA,NA,30,141.46961975097656,0,-6587192.030888701,-801277.8358102457
2019-08-03T18:25:36Z,2019-08-03T18:00:00Z,16845059,1656320.5698704906,-788581.0722643845,NA,NA,30,116.81742095947266,0,-6585066.897488274,-801290.3983655124
2019-08-03T18:25:36Z,2019-08-03T18:00:00Z,16849561,-191383.39500902314,-790585.0895798728,NA,NA,35,NA,0,-8465753.115113385,-798367.5632021626
2019-08-03T18:25:36Z,2019-08-03T18:00:00Z,16851176,3045104.569503356,-790585.0895798728,NA,NA,30,88.471343994140625,0,-5002759.665077272,-816889.3874828068
2019-08-03T18:25:36Z,2019-08-03T18:00:00Z,16851177,3047108.586818844,-790585.0895798728,NA,NA,30,53.13556671142578,0,-5000255.402916764,-816917.2064022426
2019-08-03T18:25:36Z,2019-08-03T18:00:00Z,16866739,1624256.2928226897,-796597.1415263349,NA,NA,32,NA,0,-6617613.061839583,-809304.7788250131
2019-08-03T18:25:36Z,2019-08-03T18:00:00Z,16867468,3085184.915813107,-796597.1415263349,NA,NA,35,NA,0,-4951298.089635852,-823725.9758875837
2019-08-03T18:25:36Z,2019-08-03T18:00:00Z,16877579,1608224.1542987889,-800605.1761573097,NA,NA,32,NA,0,-6633853.134342092,-813312.860892595
2019-08-03T18:25:36Z,2019-08-03T18:00:00Z,16877580,1610228.1716142762,-800605.1761573097,NA,NA,32,NA,0,-6631734.805922628,-813325.2229122288
2019-08-03T18:25:36Z,2019-08-03T18:00:00Z,16877813,2077164.2061228734,-800605.1761573097,NA,NA,32,NA,0,-6128886.904675463,-816697.6135086414
2019-08-03T18:25:36Z,2019-08-03T18:00:00Z,16877814,2079168.2234383617,-800605.1761573097,NA,NA,30,230.8213653564453,0,-6126683.919728554,-816714.2908586521
2019-08-03T18:25:36Z,2019-08-03T18:00:00Z,16882060,-281564.17420596164,-802609.193472798,NA,NA,30,73.711151123046875,0,-8554059.751173314,-810690.3496475619
2019-08-03T18:25:36Z,2019-08-03T18:00:00Z,16883004,1610228.1716142762,-802609.193472798,NA,NA,30,127.24192810058594,0,-6631376.187508248,-815378.929961686
2019-08-03T18:25:36Z,2019-08-03T18:00:00Z,16883237,2077164.2061228734,-802609.193472798,NA,NA,32,NA,0,-6128517.985317426,-818760.1756539862
2019-08-03T18:25:36Z,2019-08-03T18:00:00Z,16883238,2079168.2234383617,-802609.193472798,NA,NA,30,83.9222640991211,0,-6126314.949102218,-818776.8968392465
2019-08-03T18:25:36Z,2019-08-03T18:00:00Z,16899293,1644296.4659775645,-808621.2454192601,NA,NA,12,NA,0,-6594234.194161628,-821755.9175412931
2019-08-03T18:25:36Z,2019-08-03T18:00:00Z,16904717,1644296.4659775645,-810625.2627347475,NA,NA,10,75.14735412597656,0,-6593871.220609247,-823810.7288889679
2019-08-03T18:25:36Z,2019-08-03T18:00:00Z,16914732,-25049.957823556848,-814633.2973657232,NA,NA,10,21.393661499023438,0,-8295241.311726587,-822797.2874273375
2019-08-03T18:25:36Z,2019-08-03T18:00:00Z,16921707,3083180.8984976187,-816637.3146812106,NA,NA,30,32.063575744628906,0,-4949727.683704765,-844621.8466810121
2019-08-03T18:25:36Z,2019-08-03T18:00:00Z,16931939,1848706.2321572937,-820645.3493121853,NA,NA,30,25.504467010498047,0,-6373690.517741762,-835507.8120667504
2019-08-03T18:25:36Z,2019-08-03T18:00:00Z,16937210,1542091.5828876998,-822649.3666276727,NA,NA,30,65.42608642578125,0,-6699610.926368617,-835501.0338331066
2019-08-03T18:25:36Z,2019-08-03T18:00:00Z,16937211,1544095.6002031881,-822649.3666276727,NA,NA,30,104.91922760009766,0,-6697501.844643432,-835513.1684339067
2019-08-03T18:25:36Z,2019-08-03T18:00:00Z,16937212,1546099.6175186755,-822649.3666276727,NA,NA,30,108.03862762451172,0,-6695392.477443998,-835525.3206274543
2019-08-03T18:25:36Z,2019-08-03T18:00:00Z,16937213,1548103.634834163,-822649.3666276727,NA,NA,30,67.77867126464844,0,-6693282.824302613,-835537.4904215571
2019-08-03T18:25:36Z,2019-08-03T18:00:00Z,16941698,-333668.6244086381,-824653.383943161,NA,NA,35,NA,0,-8602527.030709876,-833214.8823557235
2019-08-03T18:25:36Z,2019-08-03T18:00:00Z,16942635,1544095.6002031881,-824653.383943161,NA,NA,30,137.12191772460938,0,-6697134.321464816,-837567.3386159715
2019-08-03T18:25:36Z,2019-08-03T18:00:00Z,16942636,1546099.6175186755,-824653.383943161,NA,NA,30,102.11643981933594,0,-6695024.916677055,-837579.521906389
2019-08-03T18:25:36Z,2019-08-03T18:00:00Z,16948058,1542091.5828876998,-826657.4012586484,NA,NA,30,100.50469207763672,0,-6698875.032680685,-839609.4514631373
2019-08-03T18:25:36Z,2019-08-03T18:00:00Z,16948059,1544095.6002031881,-826657.4012586484,NA,NA,30,323.06781005859375,0,-6696765.875773386,-839621.648178443
2019-08-03T18:25:36Z,2019-08-03T18:00:00Z,16948060,1546099.6175186755,-826657.4012586484,NA,NA,30,125.84623718261719,0,-6694656.433299689,-839633.862576997
2019-08-03T18:25:36Z,2019-08-03T18:00:00Z,16948315,2057124.0329679986,-826657.4012586484,NA,NA,32,NA,0,-6146029.810229858,-843350.5005225377
2019-08-03T18:25:36Z,2019-08-03T18:00:00Z,16948316,2059128.050283486,-826657.4012586484,NA,NA,32,NA,0,-6143830.4148178175,-843367.5458277162
2019-08-03T18:25:36Z,2019-08-03T18:00:00Z,16948328,2083176.2580693364,-826657.4012586484,NA,NA,32,NA,0,-6117404.429633953,-843573.6734622827
2019-08-03T18:25:36Z,2019-08-03T18:00:00Z,16948329,2085180.2753848238,-826657.4012586484,NA,NA,30,76.30604553222656,0,-6115199.475117465,-843590.9831484455
2019-08-03T18:25:36Z,2019-08-03T18:00:00Z,16953483,1544095.6002031881,-828661.4185741358,NA,NA,30,86.677703857421875,0,-6696396.507357516,-841676.0974852551
2019-08-03T18:25:36Z,2019-08-03T18:00:00Z,16953484,1546099.6175186755,-828661.4185741358,NA,NA,30,74.75672149658203,0,-6694287.027100264,-841688.3430032238
2019-08-03T18:25:36Z,2019-08-03T18:00:00Z,16953485,1548103.634834163,-828661.4185741358,NA,NA,30,101.6292495727539,0,-6692177.260762476,-841700.6062575708
2019-08-03T18:25:36Z,2019-08-03T18:00:00Z,16953752,2083176.2580693364,-828661.4185741358,NA,NA,30,124.87116241455078,0,-6117022.969773768,-845638.2034747548
2019-08-03T18:25:36Z,2019-08-03T18:00:00Z,16953753,2085180.2753848238,-828661.4185741358,NA,NA,30,100.44037628173828,0,-6114817.961978982,-845655.5573679883
2019-08-03T18:25:36Z,2019-08-03T18:00:00Z,16965158,3201417.9201113842,-832669.4532051105,NA,NA,30,41.2703742980957,0,-4795879.899203346,-863196.4029767511
2019-08-03T18:25:36Z,2019-08-03T18:00:00Z,16970439,2914843.443996666,-834673.4705205979,NA,NA,33,61.86224365234375,0,-5154829.312693519,-861051.3123197053
2019-08-03T18:25:36Z,2019-08-03T18:00:00Z,16980909,2157324.898742375,-838681.5051515736,NA,NA,32,NA,0,-6033213.112171816,-856627.2187300439
2019-08-03T18:25:36Z,2019-08-03T18:00:00Z,16986333,2157324.898742375,-840685.522467061,NA,NA,30,92.684051513671875,0,-6032823.871115577,-858694.2924260532
2019-08-03T18:25:36Z,2019-08-03T18:00:00Z,16991990,2624260.933250972,-842689.5397825483,NA,NA,32,NA,0,-5500894.582203514,-865668.8533149504
2019-08-03T18:25:36Z,2019-08-03T18:00:00Z,16992068,2780574.2838590005,-842689.5397825483,NA,NA,30,58.77817916870117,0,-5315711.981833129,-867608.2345730664
2019-08-03T18:25:36Z,2019-08-03T18:00:00Z,16997413,2622256.9159354847,-844693.5570980357,NA,NA,30,68.26336669921875,0,-5502835.584024597,-867724.6705050598
2019-08-03T18:25:36Z,2019-08-03T18:00:00Z,16997414,2624260.933250972,-844693.5570980357,NA,NA,33,154.3612518310547,0,-5500487.688333366,-867748.5663212982
2019-08-03T18:25:36Z,2019-08-03T18:00:00Z,17028810,323649.0550712757,-856717.6609909609,NA,NA,10,36.4673957824707,0,-7938605.329957087,-865909.9528077701
2019-08-03T18:25:36Z,2019-08-03T18:00:00Z,17045147,453910.18057796545,-862729.712937424,NA,NA,14,27.66078758239746,0,-7806708.586391223,-872244.81085044
2019-08-03T18:25:36Z,2019-08-03T18:00:00Z,17115655,445894.111316015,-888781.9380387617,NA,NA,30,56.97043991088867,0,-7809886.916790463,-898843.41720381
2019-08-03T18:25:36Z,2019-08-03T18:00:00Z,17121584,1457922.8556372235,-890785.9553542491,NA,NA,30,31.501737594604492,0,-6774981.9004721185,-904885.0430585138
2019-08-03T18:25:36Z,2019-08-03T18:00:00Z,17126890,1221448.8124096934,-892789.9726697374,NA,NA,32,NA,0,-7020487.831145655,-905606.3183209273
2019-08-03T18:25:36Z,2019-08-03T18:00:00Z,17132758,2111232.5004861616,-894793.9899852248,NA,NA,32,NA,0,-6072962.376282625,-914116.1974353495
2019-08-03T18:25:36Z,2019-08-03T18:00:00Z,17132759,2113236.51780165,-894793.9899852248,NA,NA,32,NA,0,-6070749.389274339,-914135.332430961
2019-08-03T18:25:36Z,2019-08-03T18:00:00Z,17132760,2115240.5351171372,-894793.9899852248,NA,NA,30,86.75977325439453,0,-6068535.9586790195,-914154.4898565038
2019-08-03T18:25:36Z,2019-08-03T18:00:00Z,17138174,2095200.3619622616,-896798.0073007122,NA,NA,33,93.01832580566406,0,-6090235.989941524,-916033.8258310257
2019-08-03T18:25:36Z,2019-08-03T18:00:00Z,17138182,2111232.5004861616,-896798.0073007122,NA,NA,34,61.124298095703125,0,-6072547.514737652,-916186.4625849236
2019-08-03T18:25:36Z,2019-08-03T18:00:00Z,17138183,2113236.51780165,-896798.0073007122,NA,NA,33,182.54885864257812,0,-6070334.468565893,-916205.6431406388
2019-08-03T18:25:36Z,2019-08-03T18:00:00Z,17138184,2115240.5351171372,-896798.0073007122,NA,NA,32,NA,0,-6068120.978727443,-916224.8461802946
2019-08-03T18:25:36Z,2019-08-03T18:00:00Z,17154471,2145300.79484945,-902810.0592471743,NA,NA,32,NA,0,-6033611.5083937915,-922729.6863196704
2019-08-03T18:25:36Z,2019-08-03T18:00:00Z,17164353,209420.06808848586,-906818.09387815,NA,NA,33,42.027915954589844,0,-8043716.527330967,-916962.6719844363
2019-08-03T18:25:36Z,2019-08-03T18:00:00Z,17181180,1321649.6781840706,-912830.1458246121,NA,NA,30,47.520851135253906,0,-6912701.666817523,-926708.7292554391
2019-08-03T18:25:36Z,2019-08-03T18:00:00Z,17202229,25050.47506363131,-920846.2150865626,NA,NA,32,NA,0,-8225626.5690276725,-931216.6819371758
2019-08-03T18:25:36Z,2019-08-03T18:00:00Z,17213693,1259525.1414039573,-924854.2497175373,NA,NA,32,NA,0,-6974691.373594479,-938706.5606116558
2019-08-03T18:25:36Z,2019-08-03T18:00:00Z,17213694,1261529.1587194446,-924854.2497175373,NA,NA,32,NA,0,-6972616.337678205,-938717.5659075014
2019-08-03T18:25:36Z,2019-08-03T18:00:00Z,17214581,3039092.5175568927,-924854.2497175373,NA,NA,33,102.07582092285156,0,-4981208.086791614,-957160.6085791761
2019-08-03T18:25:36Z,2019-08-03T18:00:00Z,17214582,3041096.534872381,-924854.2497175373,NA,NA,30,83.64417266845703,0,-4978698.938202757,-957193.3895868583
2019-08-03T18:25:36Z,2019-08-03T18:00:00Z,17219117,1259525.1414039573,-926858.2670330256,NA,NA,32,NA,0,-6974282.077242851,-940764.2637353085
2019-08-03T18:25:36Z,2019-08-03T18:00:00Z,17245879,542086.9424594175,-936878.3536104625,NA,NA,32,NA,0,-7703668.652108967,-948243.8756857354
2019-08-03T18:25:36Z,2019-08-03T18:00:00Z,17252449,2838690.786008139,-938882.3709259508,NA,NA,30,74.176513671875,0,-5224633.705431239,-968706.7142704813
2019-08-03T18:25:36Z,2019-08-03T18:00:00Z,17256845,778560.9856869476,-940886.3882414382,NA,NA,35,NA,0,-7463866.096826764,-953023.0830817068
2019-08-03T18:25:36Z,2019-08-03T18:00:00Z,17278886,1469946.9595301487,-948902.4575033877,NA,NA,30,84.77619171142578,0,-6750479.845278813,-964704.0116250226
2019-08-03T18:25:36Z,2019-08-03T18:00:00Z,17279715,3131277.3140693195,-948902.4575033877,NA,NA,32,NA,0,-4859066.661589005,-983965.7593335239
2019-08-03T18:25:36Z,2019-08-03T18:00:00Z,17279716,3133281.331384808,-948902.4575033877,NA,NA,33,118.17656707763672,0,-4856513.483018776,-984001.1349789344
2019-08-03T18:25:36Z,2019-08-03T18:00:00Z,17284227,1303613.5223446833,-950906.474818876,NA,NA,30,80.93970489501953,0,-6923584.513959826,-965722.8940283178
2019-08-03T18:25:36Z,2019-08-03T18:00:00Z,17284309,1467942.9422146613,-950906.474818876,NA,NA,30,86.10735321044922,0,-6752156.68207361,-966753.1420078683
2019-08-03T18:25:36Z,2019-08-03T18:00:00Z,17284310,1469946.9595301487,-950906.474818876,NA,NA,30,255.29705810546875,0,-6750055.351823705,-966766.5347344317
2019-08-03T18:25:36Z,2019-08-03T18:00:00Z,17285139,3131277.3140693195,-950906.474818876,NA,NA,34,56.031097412109375,0,-4858578.103465446,-986072.0124137978
2019-08-03T18:25:36Z,2019-08-03T18:00:00Z,17289650,1301609.505029195,-952910.4921343634,NA,NA,30,68.843475341796875,0,-6925242.785898598,-967771.4613182598
2019-08-03T18:25:36Z,2019-08-03T18:00:00Z,17289651,1303613.5223446833,-952910.4921343634,NA,NA,30,106.86012268066406,0,-6923162.400921228,-967783.2321393655
2019-08-03T18:25:36Z,2019-08-03T18:00:00Z,17289733,1467942.9422146613,-952910.4921343634,NA,NA,30,62.004398345947266,0,-6751731.297198972,-968815.7972103702
2019-08-03T18:25:36Z,2019-08-03T18:00:00Z,17289734,1469946.9595301487,-952910.4921343634,NA,NA,30,126.13983154296875,0,-6749629.925013603,-968829.2200682438
2019-08-03T18:25:36Z,2019-08-03T18:00:00Z,17294355,-139278.94480634667,-954914.5094498508,NA,NA,30,24.177265167236328,0,-8383387.576568234,-966121.6125238298
2019-08-03T18:25:36Z,2019-08-03T18:00:00Z,17300308,920846.2150865626,-956918.5267653381,NA,NA,33,66.59964752197266,0,-7315892.319340834,-969995.4351034287
2019-08-03T18:25:36Z,2019-08-03T18:00:00Z,17300497,1299605.4877137076,-956918.5267653381,NA,NA,32,NA,0,-6926476.084079237,-971880.7659567713
2019-08-03T18:25:36Z,2019-08-03T18:00:00Z,17300498,1301609.505029195,-956918.5267653381,NA,NA,33,85.27729034423828,0,-6924395.857654285,-971892.5699503584
2019-08-03T18:25:36Z,2019-08-03T18:00:00Z,17305921,1299605.4877137076,-958922.5440808255,NA,NA,33,306.17657470703125,0,-6926051.268599826,-973941.537236572
2019-08-03T18:25:36Z,2019-08-03T18:00:00Z,17305922,1301609.505029195,-958922.5440808255,NA,NA,30,380.5490417480469,0,-6923971.004010966,-973953.3676237614
2019-08-03T18:25:36Z,2019-08-03T18:00:00Z,17310687,-19037.905877093785,-960926.5613963138,NA,NA,15,NA,0,-8261772.581418927,-972237.463054583
2019-08-03T18:25:36Z,2019-08-03T18:00:00Z,17311283,1175356.41415348,-960926.5613963138,NA,NA,33,87.87739562988281,0,-7054163.193448371,-975305.6436035397
2019-08-03T18:25:36Z,2019-08-03T18:00:00Z,17311284,1177360.4314689673,-960926.5613963138,NA,NA,30,48.315460205078125,0,-7052096.63318431,-975316.2890532708
2019-08-03T18:25:36Z,2019-08-03T18:00:00Z,17316713,1187380.5180464052,-962930.5787118012,NA,NA,30,52.72983169555664,0,-7041336.094130059,-977429.4943201059
2019-08-03T18:25:36Z,2019-08-03T18:00:00Z,17316800,1361730.024493822,-962930.5787118012,NA,NA,32,NA,0,-6860597.157355553,-978441.189588218
2019-08-03T18:25:36Z,2019-08-03T18:00:00Z,17321523,-43086.11366294511,-964934.5960272886,NA,NA,32,NA,0,-8285032.181861015,-976346.3421953704
2019-08-03T18:25:36Z,2019-08-03T18:00:00Z,17321524,-41082.0963474568,-964934.5960272886,NA,NA,30,71.20930480957031,0,-8283025.680600298,-976345.9717726787
2019-08-03T18:25:36Z,2019-08-03T18:00:00Z,17322229,1371750.1110712597,-964934.5960272886,NA,NA,32,NA,0,-6849726.560310192,-980566.1328689032
2019-08-03T18:25:36Z,2019-08-03T18:00:00Z,17322230,1373754.128386747,-964934.5960272886,NA,NA,33,146.19528198242188,0,-6847637.454475353,-980578.7617434043
2019-08-03T18:25:36Z,2019-08-03T18:00:00Z,17332609,433870.0074230898,-968942.6306582633,NA,NA,32,NA,0,-7806020.078566421,-980864.6069285222
2019-08-03T18:25:36Z,2019-08-03T18:00:00Z,17343223,-35070.044400994666,-972950.665289239,NA,NA,35,NA,0,-8275359.61366478,-984558.107711928
2019-08-03T18:25:36Z,2019-08-03T18:00:00Z,17343306,131263.39278447162,-972950.665289239,NA,NA,14,25.447473526000977,0,-8108790.562217837,-984593.5628314853
2019-08-03T18:25:36Z,2019-08-03T18:00:00Z,17343444,407817.78232175205,-972950.665289239,NA,NA,15,NA,0,-7831373.712903491,-984924.5474991852
2019-08-03T18:25:36Z,2019-08-03T18:00:00Z,17349345,1363734.0418093093,-974954.6826047264,NA,NA,30,100.79888153076172,0,-6855922.288282222,-990828.9304512717
2019-08-03T18:25:36Z,2019-08-03T18:00:00Z,17349346,1365738.0591247967,-974954.6826047264,NA,NA,30,65.1540756225586,0,-6853833.978745935,-990841.6183498594
2019-08-03T18:25:36Z,2019-08-03T18:00:00Z,17349904,2483979.7211668445,-974954.6826047264,NA,NA,15,NA,0,-5635107.398411186,-1001395.7813484187
2019-08-03T18:25:36Z,2019-08-03T18:00:00Z,17349966,2608228.794727072,-974954.6826047264,NA,NA,32,NA,0,-5490686.915473958,-1003053.1654003101
2019-08-03T18:25:36Z,2019-08-03T18:00:00Z,17349967,2610232.8120425595,-974954.6826047264,NA,NA,33,104.61980438232422,0,-5488337.926571997,-1003080.8146087612
2019-08-03T18:25:36Z,2019-08-03T18:00:00Z,17350104,2884783.1842643525,-974954.6826047264,NA,NA,32,NA,0,-5160014.184169406,-1007160.7421244816
2019-08-03T18:25:36Z,2019-08-03T18:00:00Z,17355528,2884783.1842643525,-976958.6999202138,NA,NA,30,56.77140426635742,0,-5159527.0861812215,-1009260.0195205646
2019-08-03T18:25:36Z,2019-08-03T18:00:00Z,17359705,385773.59185138904,-978962.7172357012,NA,NA,35,NA,0,-7852266.355558452,-991049.3664121311
2019-08-03T18:25:36Z,2019-08-03T18:00:00Z,17370343,-35070.044400994666,-982970.7518666759,NA,NA,12,NA,0,-8273281.405350277,-994828.179441145
2019-08-03T18:25:36Z,2019-08-03T18:00:00Z,17371038,1357721.9898628462,-982970.7518666759,NA,NA,32,NA,0,-6860442.890043564,-999044.1314192327
2019-08-03T18:25:36Z,2019-08-03T18:00:00Z,17382510,2608228.794727072,-986978.7864976516,NA,NA,32,NA,0,-5487834.188364496,-1015596.6868278417
2019-08-03T18:25:36Z,2019-08-03T18:00:00Z,17391975,-163327.15259219706,-990986.8211286264,NA,NA,30,36.66753005981445,0,-8400053.012162548,-1003104.6913254069
2019-08-03T18:25:36Z,2019-08-03T18:00:00Z,17392809,1508023.2885244116,-990986.8211286264,NA,NA,30,67.28693389892578,0,-6701375.279929439,-1008321.5456296991
2019-08-03T18:25:36Z,2019-08-03T18:00:00Z,17392810,1510027.3058399,-990986.8211286264,NA,NA,33,125.98082733154297,0,-6699267.554260254,-1008335.9674731262
2019-08-03T18:25:36Z,2019-08-03T18:00:00Z,17398241,1524055.4270483125,-992990.8384441137,NA,NA,32,NA,0,-6684060.206854441,-1010504.3643525683
2019-08-03T18:25:36Z,2019-08-03T18:00:00Z,17398242,1526059.4443637999,-992990.8384441137,NA,NA,30,107.36553192138672,0,-6681950.168413639,-1010518.9885438859
2019-08-03T18:25:36Z,2019-08-03T18:00:00Z,17403665,1524055.4270483125,-994994.8557596011,NA,NA,30,150.4485626220703,0,-6683613.913937754,-1012571.3819446573
2019-08-03T18:25:36Z,2019-08-03T18:00:00Z,17403666,1526059.4443637999,-994994.8557596011,NA,NA,30,139.91836547851562,0,-6681503.829996833,-1012586.0378384247
2019-08-03T18:25:36Z,2019-08-03T18:00:00Z,17408550,443890.09400052764,-996998.8730750894,NA,NA,32,NA,0,-7790020.408507026,-1009659.4538590828
2019-08-03T18:25:36Z,2019-08-03T18:00:00Z,17414431,1359726.0071783336,-999002.8903905768,NA,NA,33,54.24967575073242,0,-6854824.399961955,-1015571.4458074974
2019-08-03T18:25:36Z,2019-08-03T18:00:00Z,17414533,1564135.7733580628,-999002.8903905768,NA,NA,33,95.68333435058594,0,-6640460.166079095,-1017004.4247542289
2019-08-03T18:25:36Z,2019-08-03T18:00:00Z,17419854,1357721.9898628462,-1001006.9077060642,NA,NA,32,NA,0,-6856466.949657681,-1017623.5424222288
2019-08-03T18:25:36Z,2019-08-03T18:00:00Z,17419855,1359726.0071783336,-1001006.9077060642,NA,NA,30,249.35189819335938,0,-6854378.853033435,-1017636.5315851409
2019-08-03T18:25:36Z,2019-08-03T18:00:00Z,17425278,1357721.9898628462,-1003010.9250215515,NA,NA,30,48.76406478881836,0,-6856020.5096793715,-1019688.7712451443
2019-08-03T18:25:36Z,2019-08-03T18:00:00Z,17425279,1359726.0071783336,-1003010.9250215515,NA,NA,32,NA,0,-6853932.371561452,-1019701.7883508409
2019-08-03T18:25:36Z,2019-08-03T18:00:00Z,17441661,1580167.9118819637,-1009022.9769680146,NA,NA,32,NA,0,-6621262.46147187,-1027470.1726065847
2019-08-03T18:25:36Z,2019-08-03T18:00:00Z,17446195,-203407.49890194833,-1011026.994283502,NA,NA,35,NA,0,-8435966.60771341,-1023699.0148581711
2019-08-03T18:25:36Z,2019-08-03T18:00:00Z,17446726,860725.6956219366,-1011026.994283502,NA,NA,32,NA,0,-7365522.7379504405,-1025328.2704835135
2019-08-03T18:25:36Z,2019-08-03T18:00:00Z,17447049,1508023.2885244116,-1011026.994283502,NA,NA,32,NA,0,-6696883.020186267,-1028995.2127090895
2019-08-03T18:25:36Z,2019-08-03T18:00:00Z,17447050,1510027.3058399,-1011026.994283502,NA,NA,32,NA,0,-6694774.840475802,-1029009.9483265114
2019-08-03T18:25:36Z,2019-08-03T18:00:00Z,17447051,1512031.3231553873,-1011026.994283502,NA,NA,32,NA,0,-6692666.37842154,-1029024.7057102411
2019-08-03T18:25:36Z,2019-08-03T18:00:00Z,17452473,1508023.2885244116,-1013031.0115989894,NA,NA,30,242.36538696289062,0,-6696428.612541424,-1031063.5293414016
2019-08-03T18:25:36Z,2019-08-03T18:00:00Z,17452474,1510027.3058399,-1013031.0115989894,NA,NA,30,308.4532165527344,0,-6694320.386876715,-1031078.296412477
2019-08-03T18:25:36Z,2019-08-03T18:00:00Z,17452475,1512031.3231553873,-1013031.0115989894,NA,NA,33,105.39454650878906,0,-6692211.878811648,-1031093.0852966475
2019-08-03T18:25:36Z,2019-08-03T18:00:00Z,17453170,2904823.357419228,-1013031.0115989894,NA,NA,32,NA,0,-5126045.686759916,-1047414.0142923272
2019-08-03T18:25:36Z,2019-08-03T18:00:00Z,17457897,1508023.2885244116,-1015035.0289144767,NA,NA,30,61.84734344482422,0,-6695973.2617131425,-1033132.0202192648
2019-08-03T18:25:36Z,2019-08-03T18:00:00Z,17457898,1510027.3058399,-1015035.0289144767,NA,NA,33,63.15444564819336,0,-6693864.98999393,-1033146.8187579995
2019-08-03T18:25:36Z,2019-08-03T18:00:00Z,17463496,1858726.3187347315,-1017039.0462299641,NA,NA,32,NA,0,-6321831.223576891,-1038138.6242807737
2019-08-03T18:25:36Z,2019-08-03T18:00:00Z,17468506,1029063.1501228893,-1019043.0635454524,NA,NA,32,NA,0,-7191876.606028962,-1034327.5028831261
2019-08-03T18:25:36Z,2019-08-03T18:00:00Z,17473826,820645.3493121853,-1021047.0808609398,NA,NA,32,NA,0,-7404061.950372766,-1035472.672033492
2019-08-03T18:25:36Z,2019-08-03T18:00:00Z,17479175,670344.0506506199,-1023051.0981764272,NA,NA,32,NA,0,-7555980.467852394,-1037002.956792294
2019-08-03T18:25:36Z,2019-08-03T18:00:00Z,17484709,890785.9553542491,-1025055.1154919146,NA,NA,15,NA,0,-7331799.62656109,-1039880.9242820814
2019-08-03T18:25:36Z,2019-08-03T18:00:00Z,17484781,1035075.2020693524,-1025055.1154919146,NA,NA,30,74.21711730957031,0,-7184367.259762233,-1040546.1781076525
2019-08-03T18:25:36Z,2019-08-03T18:00:00Z,17484782,1037079.2193848398,-1025055.1154919146,NA,NA,30,147.61935424804688,0,-7182313.261546209,-1040556.1527207857
2019-08-03T18:25:36Z,2019-08-03T18:00:00Z,17485043,1560127.738727088,-1025055.1154919146,NA,NA,33,207.17013549804688,0,-6638768.144515893,-1043873.1661216209
2019-08-03T18:25:36Z,2019-08-03T18:00:00Z,17485044,1562131.7560425755,-1025055.1154919146,NA,NA,30,91.9925765991211,0,-6636652.136420263,-1043888.6998563687
2019-08-03T18:25:36Z,2019-08-03T18:00:00Z,17490205,1035075.2020693524,-1027059.1328074019,NA,NA,30,49.10134506225586,0,-7183915.825004491,-1042609.5455711237
2019-08-03T18:25:36Z,2019-08-03T18:00:00Z,17490206,1037079.2193848398,-1027059.1328074019,NA,NA,30,109.69832611083984,0,-7181861.791531209,-1042619.541184919
2019-08-03T18:25:36Z,2019-08-03T18:00:00Z,17490466,1558123.7214116007,-1027059.1328074019,NA,NA,33,61.467533111572266,0,-6640421.658587817,-1045928.0020934249
2019-08-03T18:25:36Z,2019-08-03T18:00:00Z,17490467,1560127.738727088,-1027059.1328074019,NA,NA,30,280.2196044921875,0,-6638305.8969515925,-1045943.5462189643
2019-08-03T18:25:36Z,2019-08-03T18:00:00Z,17490468,1562131.7560425755,-1027059.1328074019,NA,NA,33,112.74443817138672,0,-6636189.840675519,-1045959.1127339674
2019-08-03T18:25:36Z,2019-08-03T18:00:00Z,17496034,1846702.2148418063,-1029063.1501228893,NA,NA,32,NA,0,-6332005.228104201,-1050477.926289811
2019-08-03T18:25:36Z,2019-08-03T18:00:00Z,17496035,1848706.2321572937,-1029063.1501228893,NA,NA,33,62.50864791870117,0,-6329841.792743165,-1050496.8490895175
2019-08-03T18:25:36Z,2019-08-03T18:00:00Z,17501303,1536079.5309412377,-1031067.1674383776,NA,NA,15,NA,0,-6662749.539252958,-1049899.0041948466
2019-08-03T18:25:36Z,2019-08-03T18:00:00Z,17501457,1844698.197526319,-1031067.1674383776,NA,NA,30,91.27161407470703,0,-6333696.632725463,-1052534.9096490853
2019-08-03T18:25:36Z,2019-08-03T18:00:00Z,17501458,1846702.2148418063,-1031067.1674383776,NA,NA,30,263.5179138183594,0,-6331533.508076965,-1052553.848161873
2019-08-03T18:25:36Z,2019-08-03T18:00:00Z,17501459,1848706.2321572937,-1031067.1674383776,NA,NA,30,68.23796844482422,0,-6329370.014708979,-1052572.810833632
2019-08-03T18:25:36Z,2019-08-03T18:00:00Z,17506209,497998.5615186915,-1033071.184753865,NA,NA,12,NA,0,-7727679.201919348,-1046825.5183064796
2019-08-03T18:25:36Z,2019-08-03T18:00:00Z,17511938,1109223.8427423919,-1035075.2020693524,NA,NA,30,103.0140151977539,0,-7105971.473400448,-1051251.4046218363
2019-08-03T18:25:36Z,2019-08-03T18:00:00Z,17517419,1223452.8297251817,-1037079.2193848398,NA,NA,35,NA,0,-6987696.2995846905,-1053969.0756450754
2019-08-03T18:25:36Z,2019-08-03T18:00:00Z,17528106,900806.0419316869,-1041087.2540158154,NA,NA,12,NA,0,-7317969.80716115,-1056425.1111413653
2019-08-03T18:25:36Z,2019-08-03T18:00:00Z,17533660,1161328.2929450674,-1043091.2713313028,NA,NA,32,NA,0,-7050475.797991266,-1059803.719516766
2019-08-03T18:25:36Z,2019-08-03T18:00:00Z,17533753,1347701.9032854084,-1043091.2713313028,NA,NA,32,NA,0,-6857336.282096453,-1060962.2738167096
2019-08-03T18:25:36Z,2019-08-03T18:00:00Z,17538926,844693.5570980357,-1045095.2886467902,NA,NA,30,66.34090423583984,0,-7374195.951050141,-1060313.7311663153
2019-08-03T18:25:36Z,2019-08-03T18:00:00Z,17539176,1345697.885969921,-1045095.2886467902,NA,NA,32,NA,0,-6858957.917544698,-1063017.5652270464
2019-08-03T18:25:36Z,2019-08-03T18:00:00Z,17539177,1347701.9032854084,-1045095.2886467902,NA,NA,32,NA,0,-6856870.373958543,-1063031.0409268916
2019-08-03T18:25:36Z,2019-08-03T18:00:00Z,17555304,1057119.3925397154,-1051107.3405932523,NA,NA,33,100.15106964111328,0,-7155817.1863442,-1067497.5289604024
2019-08-03T18:25:36Z,2019-08-03T18:00:00Z,17560728,1057119.3925397154,-1053111.3579087406,NA,NA,33,80.26512145996094,0,-7155353.311063726,-1069563.4251876206
2019-08-03T18:25:36Z,2019-08-03T18:00:00Z,17581872,-49098.16560940724,-1061127.4271706901,NA,NA,10,21.10963249206543,0,-8270358.496867783,-1075081.6793773498
2019-08-03T18:25:36Z,2019-08-03T18:00:00Z,17604783,2385782.8727079546,-1069143.4964326406,NA,NA,35,NA,0,-5724776.698173037,-1098294.3234019633
2019-08-03T18:25:36Z,2019-08-03T18:00:00Z,17642141,1163332.3102605548,-1083171.6176410532,NA,NA,32,NA,0,-7038988.794197485,-1101177.2123319614
2019-08-03T18:25:36Z,2019-08-03T18:00:00Z,17647336,704412.3450139081,-1085175.6349565405,NA,NA,10,45.056785583496094,0,-7507279.491796746,-1101065.1033078968
2019-08-03T18:25:36Z,2019-08-03T18:00:00Z,17680104,1153312.223683117,-1097199.7388494657,NA,NA,32,NA,0,-7045939.603851876,-1115610.8921241532
2019-08-03T18:25:36Z,2019-08-03T18:00:00Z,17680105,1155316.2409986053,-1097199.7388494657,NA,NA,32,NA,0,-7043872.742271314,-1115622.9282357048
2019-08-03T18:25:36Z,2019-08-03T18:00:00Z,17685528,1153312.223683117,-1099203.756164954,NA,NA,30,196.90013122558594,0,-7045452.399286239,-1117682.1052301892
2019-08-03T18:25:36Z,2019-08-03T18:00:00Z,17685529,1155316.2409986053,-1099203.756164954,NA,NA,32,NA,0,-7043385.497040694,-1117694.1652841552
2019-08-03T18:25:36Z,2019-08-03T18:00:00Z,17685530,1157320.2583140926,-1099203.756164954,NA,NA,30,66.6036605834961,0,-7041318.387045597,-1117706.2476182252
2019-08-03T18:25:36Z,2019-08-03T18:00:00Z,17690953,1155316.2409986053,-1101207.7734804414,NA,NA,30,85.98365783691406,0,-7042897.312742572,-1119765.5909558227
2019-08-03T18:25:36Z,2019-08-03T18:00:00Z,17690954,1157320.2583140926,-1101207.7734804414,NA,NA,30,151.17201232910156,0,-7040830.161952667,-1119777.6972881218
2019-08-03T18:25:36Z,2019-08-03T18:00:00Z,17717807,622247.6350789191,-1111227.8600578792,NA,NA,30,20.058063507080078,0,-7584190.199307231,-1127653.8691782593
2019-08-03T18:25:36Z,2019-08-03T18:00:00Z,17723622,1405818.405434548,-1113231.8773733666,NA,NA,32,NA,0,-6779775.703175761,-1133907.1272717395
2019-08-03T18:25:36Z,2019-08-03T18:00:00Z,17723623,1407822.4227500353,-1113231.8773733666,NA,NA,32,NA,0,-6777678.990176542,-1133922.2659698946
2019-08-03T18:25:36Z,2019-08-03T18:00:00Z,17729046,1405818.405434548,-1115235.894688854,NA,NA,32,NA,0,-6779275.36553475,-1135983.245375032
2019-08-03T18:25:36Z,2019-08-03T18:00:00Z,17729047,1407822.4227500353,-1115235.894688854,NA,NA,32,NA,0,-6777178.604494981,-1135998.4138661444
2019-08-03T18:25:36Z,2019-08-03T18:00:00Z,17729048,1409826.4400655227,-1115235.894688854,NA,NA,34,54.09086990356445,0,-6775081.581501406,-1136013.6060692472
2019-08-03T18:25:36Z,2019-08-03T18:00:00Z,17734689,1844698.197526319,-1117239.9120043414,NA,NA,34,61.642608642578125,0,-6312498.828738572,-1141973.7889580678
2019-08-03T18:25:36Z,2019-08-03T18:00:00Z,17740482,2584180.5869412217,-1119243.9293198287,NA,NA,30,61.14345169067383,0,-5482236.169258888,-1153641.450409363
2019-08-03T18:25:36Z,2019-08-03T18:00:00Z,17740483,2586184.604256709,-1119243.9293198287,NA,NA,30,71.2623519897461,0,-5479887.733608117,-1153673.188417897
2019-08-03T18:25:36Z,2019-08-03T18:00:00Z,17750342,604211.4792395309,-1123251.9639508044,NA,NA,30,21.523401260375977,0,-7599496.872018294,-1140005.2215938128
2019-08-03T18:25:36Z,2019-08-03T18:00:00Z,17756890,2856726.9418475274,-1125255.9812662918,NA,NA,32,NA,0,-5154848.4059136,-1164623.3832279586
2019-08-03T18:25:36Z,2019-08-03T18:00:00Z,17772115,758520.812532072,-1131268.033212754,NA,NA,35,NA,0,-7441281.270614581,-1148835.4787174694
2019-08-03T18:25:36Z,2019-08-03T18:00:00Z,17783151,1135276.0678437296,-1135276.0678437296,NA,NA,30,76.90779113769531,0,-7055121.385090948,-1154885.1728479792
2019-08-03T18:25:36Z,2019-08-03T18:00:00Z,17804906,1253513.0894574942,-1143292.13710568,NA,NA,30,23.572134017944336,0,-6930841.072913739,-1163955.342061884
2019-08-03T18:25:36Z,2019-08-03T18:00:00Z,17875103,622247.6350789191,-1169344.3622070178,NA,NA,32,NA,0,-7569768.492717907,-1187695.4724741594
2019-08-03T18:25:36Z,2019-08-03T18:00:00Z,17880980,1530067.4789947746,-1171348.3795225052,NA,NA,30,103.6116714477539,0,-6634277.124584014,-1195234.7969796772
2019-08-03T18:25:36Z,2019-08-03T18:00:00Z,17885979,678360.1199125703,-1173352.3968379926,NA,NA,30,35.74881362915039,0,-7511960.031794082,-1192042.3352365918
2019-08-03T18:25:36Z,2019-08-03T18:00:00Z,17886403,1528063.4616792873,-1173352.3968379926,NA,NA,32,NA,0,-6635860.891641118,-1197301.0609894576
2019-08-03T18:25:36Z,2019-08-03T18:00:00Z,17886404,1530067.4789947746,-1173352.3968379926,NA,NA,30,189.0994415283203,0,-6633745.764555185,-1197318.6496102763
2019-08-03T18:25:36Z,2019-08-03T18:00:00Z,17887123,2970955.9288303163,-1173352.3968379926,NA,NA,30,76.60015869140625,0,-5000090.071224694,-1217671.3351642205
2019-08-03T18:25:36Z,2019-08-03T18:00:00Z,17887124,2972959.9461458046,-1173352.3968379926,NA,NA,32,NA,0,-4997593.751832341,-1217712.4244262066
2019-08-03T18:25:36Z,2019-08-03T18:00:00Z,17887236,3197409.8854804095,-1173352.3968379926,NA,NA,30,47.42778396606445,0,-4712155.714565883,-1222601.8669387726
2019-08-03T18:25:36Z,2019-08-03T18:00:00Z,17891828,1530067.4789947746,-1175356.41415348,NA,NA,32,NA,0,-6633213.436726453,-1199402.7082116278
2019-08-03T18:25:36Z,2019-08-03T18:00:00Z,17892547,2970955.9288303163,-1175356.41415348,NA,NA,30,88.49595642089844,0,-4999490.633226135,-1219794.1567160909
2019-08-03T18:25:36Z,2019-08-03T18:00:00Z,17892548,2972959.9461458046,-1175356.41415348,NA,NA,32,NA,0,-4996994.161048071,-1219835.325040016
2019-08-03T18:25:36Z,2019-08-03T18:00:00Z,17897120,1265537.1933504194,-1177360.4314689673,NA,NA,15,NA,0,-6909542.820800339,-1199375.8048104793
2019-08-03T18:25:36Z,2019-08-03T18:00:00Z,17897248,1522051.4097328251,-1177360.4314689673,NA,NA,32,NA,0,-6641139.340413368,-1201416.5080616514
2019-08-03T18:25:36Z,2019-08-03T18:00:00Z,17897249,1524055.4270483125,-1177360.4314689673,NA,NA,32,NA,0,-6639024.977224572,-1201434.0856127988
2019-08-03T18:25:36Z,2019-08-03T18:00:00Z,17897306,1638284.4140311023,-1177360.4314689673,NA,NA,15,NA,0,-6518010.567304144,-1202479.041199896
2019-08-03T18:25:36Z,2019-08-03T18:00:00Z,17902673,1524055.4270483125,-1179364.4487844557,NA,NA,30,212.36334228515625,0,-6638490.878141254,-1203518.4578382066
2019-08-03T18:25:36Z,2019-08-03T18:00:00Z,17902674,1526059.4443637999,-1179364.4487844557,NA,NA,32,NA,0,-6636376.169090289,-1203536.0943318007
2019-08-03T18:25:36Z,2019-08-03T18:00:00Z,17907850,1029063.1501228893,-1181368.466099943,NA,NA,33,83.62806701660156,0,-7152528.032554657,-1202006.317344047
2019-08-03T18:25:36Z,2019-08-03T18:00:00Z,17908323,1976963.340348497,-1181368.466099943,NA,NA,15,NA,0,-6151644.382415588,-1210280.0893810657
2019-08-03T18:25:36Z,2019-08-03T18:00:00Z,17912793,65130.82137338258,-1183372.4834154304,NA,NA,14,28.533790588378906,0,-8126557.043097868,-1201159.53594981
2019-08-03T18:25:36Z,2019-08-03T18:00:00Z,17934466,19038.42311716918,-1191388.5526773809,NA,NA,15,NA,0,-8170724.419102926,-1209441.2044824236
2019-08-03T18:25:36Z,2019-08-03T18:00:00Z,17934506,99199.11573667079,-1191388.5526773809,NA,NA,14,38.192317962646484,0,-8090350.612546551,-1209467.3587748958
2019-08-03T18:25:36Z,2019-08-03T18:00:00Z,17939827,-107214.66775854584,-1193392.5699928682,NA,NA,30,42.20840835571289,0,-8296782.126506714,-1211545.5627395816
2019-08-03T18:25:36Z,2019-08-03T18:00:00Z,17952519,3588193.262000479,-1197400.604623843,NA,NA,30,39.85715866088867,0,-4174059.556748242,-1258500.5797233675
2019-08-03T18:25:36Z,2019-08-03T18:00:00Z,17968235,2473959.6345894067,-1203412.656570306,NA,NA,30,76.765625,0,-5586857.345025727,-1240328.5660397871
2019-08-03T18:25:36Z,2019-08-03T18:00:00Z,17984484,2427867.2363331933,-1209424.7085167682,NA,NA,30,55.888919830322266,0,-5638280.403260269,-1245916.38160517
2019-08-03T18:25:36Z,2019-08-03T18:00:00Z,18000763,2441895.357541606,-1215436.7604632312,NA,NA,30,186.5210418701172,0,-5620369.87998289,-1252466.3910814333
2019-08-03T18:25:36Z,2019-08-03T18:00:00Z,18000764,2443899.374857094,-1215436.7604632312,NA,NA,32,NA,0,-5618059.85671306,-1252498.5957379534
2019-08-03T18:25:36Z,2019-08-03T18:00:00Z,18032115,53106.71748045739,-1227460.8643561564,NA,NA,32,NA,0,-8127188.574042935,-1246804.1569234938
2019-08-03T18:25:36Z,2019-08-03T18:00:00Z,18098572,2796606.4223829014,-1251509.0721420068,NA,NA,10,51.624961853027344,0,-5190392.380357821,-1296963.0737888173
2019-08-03T18:25:36Z,2019-08-03T18:00:00Z,18136630,2976967.9807767794,-1265537.1933504194,NA,NA,32,NA,0,-4963852.98527338,-1315699.0301948707
2019-08-03T18:25:36Z,2019-08-03T18:00:00Z,18146659,1335677.7993924832,-1269545.227981395,NA,NA,10,53.01872634887695,0,-6811227.167429212,-1295859.9018997329
2019-08-03T18:25:36Z,2019-08-03T18:00:00Z,18151447,61122.78674240783,-1271549.2452968825,NA,NA,30,140.3985137939453,0,-8107275.944366504,-1292557.2549793224
2019-08-03T18:25:36Z,2019-08-03T18:00:00Z,18151448,63126.804057895206,-1271549.2452968825,NA,NA,30,190.7695770263672,0,-8105265.547963094,-1292557.9935526545
2019-08-03T18:25:36Z,2019-08-03T18:00:00Z,18151449,65130.82137338258,-1271549.2452968825,NA,NA,30,222.55267333984375,0,-8103255.134853199,-1292558.7559553296
2019-08-03T18:25:36Z,2019-08-03T18:00:00Z,18151727,622247.6350789191,-1271549.2452968825,NA,NA,10,38.94508361816406,0,-7542503.424375423,-1293699.771603191
2019-08-03T18:25:36Z,2019-08-03T18:00:00Z,18156871,61122.78674240783,-1273553.2626123698,NA,NA,32,NA,0,-8106725.551142205,-1294639.312234954
2019-08-03T18:25:36Z,2019-08-03T18:00:00Z,18195667,1720449.1239660913,-1287581.3838207824,NA,NA,35,NA,0,-6399175.07778146,-1318437.0912541866
2019-08-03T18:25:36Z,2019-08-03T18:00:00Z,18200276,87175.0118437456,-1289585.4011362698,NA,NA,32,NA,0,-8076149.061946985,-1311315.3572874863
2019-08-03T18:25:36Z,2019-08-03T18:00:00Z,18200290,115231.25426057074,-1289585.4011362698,NA,NA,10,33.7691650390625,0,-8047994.571252888,-1311332.4717581314
2019-08-03T18:25:36Z,2019-08-03T18:00:00Z,18201333,2205421.3143140767,-1289585.4011362698,NA,NA,15,NA,0,-5867046.856279197,-1326863.428254184
2019-08-03T18:25:36Z,2019-08-03T18:00:00Z,18201584,2708429.6605014494,-1289585.4011362698,NA,NA,15,NA,0,-5284586.126979834,-1335594.9448380359
2019-08-03T18:25:36Z,2019-08-03T18:00:00Z,18205706,99199.11573667079,-1291589.418451758,NA,NA,30,22.801307678222656,0,-8063524.086160104,-1313406.1924114425
2019-08-03T18:25:36Z,2019-08-03T18:00:00Z,18205714,115231.25426057074,-1291589.418451758,NA,NA,10,36.303104400634766,0,-8047435.02620051,-1313416.571404913
2019-08-03T18:25:36Z,2019-08-03T18:00:00Z,18243943,638279.7736028191,-1305617.5396601707,NA,NA,33,52.399776458740234,0,-7516636.591350802,-1329221.6064769467
2019-08-03T18:25:36Z,2019-08-03T18:00:00Z,18244420,1594196.0330903763,-1305617.5396601707,NA,NA,15,NA,0,-6528553.214136628,-1335977.609891
2019-08-03T18:25:36Z,2019-08-03T18:00:00Z,18272118,2752518.0414421754,-1315637.6262376085,NA,NA,30,27.016284942626953,0,-5223098.364292594,-1364169.2983950633
2019-08-03T18:25:36Z,2019-08-03T18:00:00Z,18276285,233468.27587433625,-1317641.6435530959,NA,NA,10,22.53234100341797,0,-7921334.626389184,-1340657.7162322914
2019-08-03T18:25:36Z,2019-08-03T18:00:00Z,18282992,2804622.491644851,-1319645.6608685832,NA,NA,35,NA,0,-5158626.032317994,-1369535.3498586128
2019-08-03T18:25:36Z,2019-08-03T18:00:00Z,18304047,1520047.3924173377,-1327661.7301305337,NA,NA,30,96.35383605957031,0,-6600494.726272294,-1358324.4769530282
2019-08-03T18:25:36Z,2019-08-03T18:00:00Z,18320819,2522056.0501611074,-1333673.7820769958,NA,NA,32,NA,0,-5490718.087194149,-1378785.7254268285
2019-08-03T18:25:36Z,2019-08-03T18:00:00Z,18325046,123247.32352252118,-1335677.7993924832,NA,NA,30,59.2478141784668,0,-8026839.949147904,-1359330.0156996117
2019-08-03T18:25:36Z,2019-08-03T18:00:00Z,18326243,2522056.0501611074,-1335677.7993924832,NA,NA,30,64.487945556640625,0,-5490062.526451821,-1380911.793858139
2019-08-03T18:25:36Z,2019-08-03T18:00:00Z,18331243,1672352.7083943905,-1337681.8167079715,NA,NA,35,NA,0,-6435538.362773789,-1370456.9257154076
2019-08-03T18:25:36Z,2019-08-03T18:00:00Z,18336591,1520047.3924173377,-1339685.8340234589,NA,NA,35,NA,0,-6596834.50104972,-1370933.9978785028
2019-08-03T18:25:36Z,2019-08-03T18:00:00Z,18346739,117235.27157605905,-1343693.8686544336,NA,NA,15,NA,0,-8030545.320645844,-1367684.263320368
2019-08-03T18:25:36Z,2019-08-03T18:00:00Z,18353366,2528068.1021075705,-1345697.885969921,NA,NA,30,46.877899169921875,0,-5479741.013284239,-1391659.4615548698
2019-08-03T18:25:36Z,2019-08-03T18:00:00Z,18363531,1159324.27562958,-1349705.9206008967,NA,NA,30,47.00032043457031,0,-6970839.256409202,-1378244.2019038547
2019-08-03T18:25:36Z,2019-08-03T18:00:00Z,18406826,964934.5960272886,-1365738.0591247967,NA,NA,32,NA,0,-7166132.690078512,-1393672.5750529768
2019-08-03T18:25:36Z,2019-08-03T18:00:00Z,18406827,966938.613342776,-1365738.0591247967,NA,NA,30,64.55509948730469,0,-7164078.023791503,-1393685.300717317
2019-08-03T18:25:36Z,2019-08-03T18:00:00Z,18412249,962930.5787118012,-1367742.076440284,NA,NA,32,NA,0,-7167576.028491004,-1395757.7211216383
2019-08-03T18:25:36Z,2019-08-03T18:00:00Z,18412250,964934.5960272886,-1367742.076440284,NA,NA,33,142.284912109375,0,-7165521.492370791,-1395770.4404323192
2019-08-03T18:25:36Z,2019-08-03T18:00:00Z,18417674,964934.5960272886,-1369746.0937557714,NA,NA,33,73.51702117919922,0,-7164909.319345014,-1397868.5479609272
2019-08-03T18:25:36Z,2019-08-03T18:00:00Z,18429108,2139288.7429029876,-1373754.128386747,NA,NA,15,NA,0,-5914435.75415316,-1414701.914590624
2019-08-03T18:25:36Z,2019-08-03T18:00:00Z,18433632,335673.1589642009,-1375758.1457022345,NA,NA,32,NA,0,-7801478.572618852,-1401478.290035144
2019-08-03T18:25:36Z,2019-08-03T18:00:00Z,18434608,2291594.0588800404,-1375758.1457022345,NA,NA,35,NA,0,-5742260.108867789,-1419303.1395915747
2019-08-03T18:25:36Z,2019-08-03T18:00:00Z,18483205,1852714.2667882694,-1393794.3015416218,NA,NA,15,NA,0,-6223420.65492674,-1431748.9290890805
2019-08-03T18:25:36Z,2019-08-03T18:00:00Z,18493205,153307.58325483464,-1397802.3361725975,NA,NA,30,68.752899169921875,0,-7978182.830743788,-1424237.6253569887
2019-08-03T18:25:36Z,2019-08-03T18:00:00Z,18569636,1145296.1544211674,-1425858.5785894226,NA,NA,35,NA,0,-6961558.822519376,-1458036.0753432007
2019-08-03T18:25:36Z,2019-08-03T18:00:00Z,18591272,1025055.1154919146,-1433874.647851373,NA,NA,30,40.18350601196289,0,-7083034.12565483,-1465554.856622793
2019-08-03T18:25:36Z,2019-08-03T18:00:00Z,18613038,1165336.3275760422,-1441890.7171133235,NA,NA,30,31.318662643432617,0,-6935616.573389042,-1475066.5565203952
2019-08-03T18:25:36Z,2019-08-03T18:00:00Z,18613904,2900815.3227882534,-1441890.7171133235,NA,NA,30,92.31568145751953,0,-4997373.609145826,-1502558.4929464827
2019-08-03T18:25:36Z,2019-08-03T18:00:00Z,18623893,1179364.4487844557,-1445898.7517442983,NA,NA,33,56.76461410522461,0,-6919767.632413384,-1479403.0870685421
2019-08-03T18:25:36Z,2019-08-03T18:00:00Z,18634196,87175.0118437456,-1449906.786375273,NA,NA,33,65.67681884765625,0,-8028432.667247049,-1478781.1520079114
2019-08-03T18:25:36Z,2019-08-03T18:00:00Z,18634197,89179.02915923297,-1449906.786375273,NA,NA,30,175.51376342773438,0,-8026419.397579499,-1478782.3688962965
2019-08-03T18:25:36Z,2019-08-03T18:00:00Z,18639620,87175.0118437456,-1451910.8036907613,NA,NA,32,NA,0,-8027797.577506109,-1480884.4183359444
2019-08-03T18:25:36Z,2019-08-03T18:00:00Z,18639621,89179.02915923297,-1451910.8036907613,NA,NA,30,285.4682922363281,0,-8025784.276147011,-1480885.6371680012
2019-08-03T18:25:36Z,2019-08-03T18:00:00Z,18650473,97195.09842118341,-1455918.838321736,NA,NA,30,41.87339401245117,0,-8016457.443852185,-1485098.1149342216
2019-08-03T18:25:36Z,2019-08-03T18:00:00Z,18650979,1111227.8600578792,-1455918.838321736,NA,NA,30,35.117279052734375,0,-6987011.058998355,-1489400.853737633
2019-08-03T18:25:36Z,2019-08-03T18:00:00Z,18656808,1922854.8728303332,-1457922.8556372235,NA,NA,15,NA,0,-6125475.8651542915,-1500583.6885599878
2019-08-03T18:25:36Z,2019-08-03T18:00:00Z,18678052,1017039.0462299641,-1465938.924899174,NA,NA,33,97.21992492675781,0,-7080826.499832844,-1499239.6768307409
2019-08-03T18:25:36Z,2019-08-03T18:00:00Z,18716004,984974.7691821642,-1479967.0461075865,NA,NA,33,109.18384552001953,0,-7109143.907983811,-1513791.0291068903
2019-08-03T18:25:36Z,2019-08-03T18:00:00Z,18716057,1091187.6869030036,-1479967.0461075865,NA,NA,30,240.26795959472656,0,-6999738.8048941055,-1514589.041492405
2019-08-03T18:25:36Z,2019-08-03T18:00:00Z,18716058,1093191.704218491,-1479967.0461075865,NA,NA,30,202.7146759033203,0,-6997669.202183086,-1514604.9271497421
2019-08-03T18:25:36Z,2019-08-03T18:00:00Z,18721428,984974.7691821642,-1481971.0634230739,NA,NA,30,104.6728286743164,0,-7108475.985123671,-1515903.6150478509
2019-08-03T18:25:36Z,2019-08-03T18:00:00Z,18721481,1091187.6869030036,-1481971.0634230739,NA,NA,30,195.4208221435547,0,-6999068.046907925,-1516702.8881405438
2019-08-03T18:25:36Z,2019-08-03T18:00:00Z,18721482,1093191.704218491,-1481971.0634230739,NA,NA,30,205.80035400390625,0,-6996998.388969345,-1516718.7989037458
2019-08-03T18:25:36Z,2019-08-03T18:00:00Z,18726906,1093191.704218491,-1483975.0807385612,NA,NA,30,84.57002258300781,0,-6996326.572497288,-1518832.9388267715
2019-08-03T18:25:36Z,2019-08-03T18:00:00Z,18726907,1095195.7215339784,-1483975.0807385612,NA,NA,30,69.14627838134766,0,-6994256.653266247,-1518848.9056838488
2019-08-03T18:25:36Z,2019-08-03T18:00:00Z,18727931,3147309.4525932204,-1483975.0807385612,NA,NA,30,46.149932861328125,0,-4667913.659445113,-1554706.259889908
2019-08-03T18:25:36Z,2019-08-03T18:00:00Z,18732330,1093191.704218491,-1485979.0980540495,NA,NA,30,70.51402282714844,0,-6995653.75234643,-1520947.347371802
2019-08-03T18:25:36Z,2019-08-03T18:00:00Z,18732331,1095195.7215339784,-1485979.0980540495,NA,NA,30,74.06040954589844,0,-6993583.777642567,-1520963.3394163498
2019-08-03T18:25:36Z,2019-08-03T18:00:00Z,18737764,1113231.8773733666,-1487983.115369537,NA,NA,30,126.36973571777344,0,-6974270.282294785,-1523223.5972998978
2019-08-03T18:25:36Z,2019-08-03T18:00:00Z,18743188,1113231.8773733666,-1489987.1326850243,NA,NA,30,380.08837890625,0,-6973594.893988317,-1525338.7988715344
2019-08-03T18:25:36Z,2019-08-03T18:00:00Z,18743189,1115235.894688854,-1489987.1326850243,NA,NA,30,158.48358154296875,0,-6971522.723543899,-1525355.1530916095
2019-08-03T18:25:36Z,2019-08-03T18:00:00Z,18743191,1119243.9293198287,-1489987.1326850243,NA,NA,30,53.26756286621094,0,-6967377.750026878,-1525387.9552356082
2019-08-03T18:25:36Z,2019-08-03T18:00:00Z,18743233,1203412.656570306,-1489987.1326850243,NA,NA,33,100.12100219726562,0,-6880132.635246274,-1526105.8069295965
2019-08-03T18:25:36Z,2019-08-03T18:00:00Z,18743436,1610228.1716142762,-1489987.1326850243,NA,NA,35,NA,0,-6452141.923674494,-1530380.764743715
2019-08-03T18:25:36Z,2019-08-03T18:00:00Z,18748613,1115235.894688854,-1491991.1500005117,NA,NA,30,53.87833786010742,0,-6970846.272974216,-1527470.650542323
2019-08-03T18:25:36Z,2019-08-03T18:00:00Z,18748656,1201408.6392548187,-1491991.1500005117,NA,NA,33,82.556396484375,0,-6881535.534594642,-1528204.7194927784
2019-08-03T18:25:36Z,2019-08-03T18:00:00Z,18748657,1203412.656570306,-1491991.1500005117,NA,NA,30,299.8436584472656,0,-6879453.633888202,-1528222.4858429697
2019-08-03T18:25:36Z,2019-08-03T18:00:00Z,18748658,1205416.6738857934,-1491991.1500005117,NA,NA,30,78.99799346923828,0,-6877371.503737372,-1528240.2839489991
2019-08-03T18:25:36Z,2019-08-03T18:00:00Z,18754081,1203412.656570306,-1493995.167315999,NA,NA,30,135.54254150390625,0,-6878773.6220319,-1530339.436145551
2019-08-03T18:25:36Z,2019-08-03T18:00:00Z,18754082,1205416.6738857934,-1493995.167315999,NA,NA,30,76.17512512207031,0,-6876691.432216835,-1530357.2622486749
2019-08-03T18:25:36Z,2019-08-03T18:00:00Z,18786502,956918.5267653381,-1506019.2712089242,NA,NA,10,75.12041473388672,0,-7129203.075276915,-1541075.0819995406
2019-08-03T18:25:36Z,2019-08-03T18:00:00Z,18791569,241484.34513628576,-1508023.2885244116,NA,NA,30,26.36091423034668,0,-7854432.886515428,-1540064.8405925368
2019-08-03T18:25:36Z,2019-08-03T18:00:00Z,18830502,2175361.054581763,-1522051.4097328251,NA,NA,35,NA,0,-5822567.068854508,-1572946.147296974
2019-08-03T18:25:36Z,2019-08-03T18:00:00Z,18840755,982970.7518666759,-1526059.4443637999,NA,NA,35,NA,0,-7095588.597159322,-1562434.1931000839
2019-08-03T18:25:36Z,2019-08-03T18:00:00Z,18863293,2670353.3315071855,-1534075.5136257503,NA,NA,34,65.57483673095703,0,-5243658.347282195,-1596130.3809196672
2019-08-03T18:25:36Z,2019-08-03T18:00:00Z,18868717,2670353.3315071855,-1536079.5309412377,NA,NA,30,122.71659088134766,0,-5242880.76766039,-1598289.7082518497
2019-08-03T18:25:36Z,2019-08-03T18:00:00Z,18868718,2672357.348822674,-1536079.5309412377,NA,NA,32,NA,0,-5240474.6637173155,-1598337.610240784
2019-08-03T18:25:36Z,2019-08-03T18:00:00Z,18884198,1085175.6349565405,-1542091.5828876998,NA,NA,30,66.3128433227539,0,-6984689.744890457,-1580195.207464548
2019-08-03T18:25:36Z,2019-08-03T18:00:00Z,18901043,2233477.556730902,-1548103.634834163,NA,NA,30,64.3080062866211,0,-5747267.420620092,-1601886.9246144467
2019-08-03T18:25:36Z,2019-08-03T18:00:00Z,18901117,2381774.83807698,-1548103.634834163,NA,NA,30,110.09086608886719,0,-5577712.764037312,-1604814.0047332903
2019-08-03T18:25:36Z,2019-08-03T18:00:00Z,18901118,2383778.855392467,-1548103.634834163,NA,NA,30,78.44927215576172,0,-5575400.221546501,-1604855.2639802513
2019-08-03T18:25:36Z,2019-08-03T18:00:00Z,18928214,2335682.4398207664,-1558123.7214116007,NA,NA,34,59.576995849609375,0,-5626927.263723718,-1614630.414307276
2019-08-03T18:25:36Z,2019-08-03T18:00:00Z,18933652,2363738.6822375925,-1560127.738727088,NA,NA,33,77.82987213134766,0,-5593908.45589877,-1617354.1847279887
2019-08-03T18:25:36Z,2019-08-03T18:00:00Z,18939486,3185385.7815874834,-1562131.7560425755,NA,NA,30,64.11357879638672,0,-4585976.081249842,-1640868.889880446
2019-08-03T18:25:36Z,2019-08-03T18:00:00Z,18943827,1015035.0289144767,-1564135.7733580628,NA,NA,10,19.993927001953125,0,-7049283.754689729,-1602986.7856220556
2019-08-03T18:25:36Z,2019-08-03T18:00:00Z,19019484,455914.19789345283,-1592192.015774889,NA,NA,30,41.06100845336914,0,-7609267.704677103,-1629549.226815317
2019-08-03T18:25:36Z,2019-08-03T18:00:00Z,19046913,1075155.5483791037,-1602212.1023523267,NA,NA,30,46.67866516113281,0,-6973548.798117007,-1643902.5683108764
2019-08-03T18:25:36Z,2019-08-03T18:00:00Z,19074039,1087179.6522720288,-1612232.1889297646,NA,NA,30,32.2916259765625,0,-6957443.404558614,-1654664.0886809998
2019-08-03T18:25:36Z,2019-08-03T18:00:00Z,19112047,1167340.3448915305,-1626260.3101381771,NA,NA,30,49.2378044128418,0,-6869150.996088817,-1670332.576825415
2019-08-03T18:25:36Z,2019-08-03T18:00:00Z,19123360,2099208.3965932364,-1630268.3447691519,NA,NA,30,125.78242492675781,0,-5866799.4777771365,-1687557.1335370059
2019-08-03T18:25:36Z,2019-08-03T18:00:00Z,19123974,3329675.0283025876,-1630268.3447691519,NA,NA,35,NA,0,-4362500.688902339,-1720511.461328442
2019-08-03T18:25:36Z,2019-08-03T18:00:00Z,19128299,1127259.9985817792,-1632272.3620846393,NA,NA,30,28.406009674072266,0,-6908505.811852169,-1676364.4972892513
2019-08-03T18:25:36Z,2019-08-03T18:00:00Z,19150019,1175356.41415348,-1640288.4313465897,NA,NA,30,67.02300262451172,0,-6855564.316468401,-1685366.0512166151
2019-08-03T18:25:36Z,2019-08-03T18:00:00Z,19166270,1133272.0505282423,-1646300.4832930528,NA,NA,33,90.18358612060547,0,-6897002.479802864,-1691379.2109450395
2019-08-03T18:25:36Z,2019-08-03T18:00:00Z,19166281,1155316.2409986053,-1646300.4832930528,NA,NA,35,NA,0,-6874120.90694145,-1691587.5891574486
2019-08-03T18:25:36Z,2019-08-03T18:00:00Z,19193422,1197400.604623843,-1656320.5698704906,NA,NA,30,125.71209716796875,0,-6826556.510979022,-1702696.2398494142
2019-08-03T18:25:36Z,2019-08-03T18:00:00Z,19193423,1199404.6219393304,-1656320.5698704906,NA,NA,30,222.23886108398438,0,-6824469.865566661,-1702716.289964014
2019-08-03T18:25:36Z,2019-08-03T18:00:00Z,19198800,1105215.8081114162,-1658324.587185978,NA,NA,30,88.4242935180664,0,-6921534.558824592,-1703952.0314466732
2019-08-03T18:25:36Z,2019-08-03T18:00:00Z,19231377,1171348.3795225052,-1670348.6910789032,NA,NA,30,47.600162506103516,0,-6848296.36701899,-1717427.731169254
2019-08-03T18:25:36Z,2019-08-03T18:00:00Z,19236769,1107219.8254269036,-1672352.7083943905,NA,NA,30,91.617340087890625,0,-6914100.194096395,-1718955.2564404046
2019-08-03T18:25:36Z,2019-08-03T18:00:00Z,19258503,1183372.4834154304,-1680368.777656341,NA,NA,33,43.22621154785156,0,-6831922.391880679,-1728263.5928176723
2019-08-03T18:25:36Z,2019-08-03T18:00:00Z,19291191,1471950.976845636,-1692392.8815492662,NA,NA,30,75.18795013427734,0,-6524206.463956109,-1744447.3655253001
2019-08-03T18:25:36Z,2019-08-03T18:00:00Z,19302068,1530067.4789947746,-1696400.916180241,NA,NA,30,48.117862701416016,0,-6460877.014592729,-1749515.6003796475
2019-08-03T18:25:36Z,2019-08-03T18:00:00Z,19302145,1684376.8122873157,-1696400.916180241,NA,NA,30,78.98854064941406,0,-6295621.838867346,-1751712.66836665
2019-08-03T18:25:36Z,2019-08-03T18:00:00Z,19307298,1141288.1197901918,-1698404.9334957283,NA,NA,30,203.1781768798828,0,-6868659.407161528,-1747153.2770133927
2019-08-03T18:25:36Z,2019-08-03T18:00:00Z,19329612,2379770.8207614925,-1706421.0027576787,NA,NA,10,46.78941345214844,0,-5516233.0106462445,-1775704.9067271266
2019-08-03T18:25:36Z,2019-08-03T18:00:00Z,19339865,1187380.5180464052,-1710429.0373886535,NA,NA,30,331.0237121582031,0,-6815992.376329133,-1760502.3039294283
2019-08-03T18:25:36Z,2019-08-03T18:00:00Z,19339866,1189384.5353618935,-1710429.0373886535,NA,NA,30,509.3570556640625,0,-6813905.047960151,-1760522.970365667
2019-08-03T18:25:36Z,2019-08-03T18:00:00Z,19345289,1187380.5180464052,-1712433.0547041409,NA,NA,30,115.1587142944336,0,-6815200.028272299,-1762651.433379344
2019-08-03T18:25:36Z,2019-08-03T18:00:00Z,19345290,1189384.5353618935,-1712433.0547041409,NA,NA,30,215.9147491455078,0,-6813112.6298797075,-1762672.1296087126
2019-08-03T18:25:36Z,2019-08-03T18:00:00Z,19350740,1241488.985564569,-1714437.0720196292,NA,NA,30,44.458900451660156,0,-6757961.101068057,-1765373.68905191
2019-08-03T18:25:36Z,2019-08-03T18:00:00Z,19356247,1407822.4227500353,-1716441.0893351166,NA,NA,30,40.822425842285156,0,-6582474.481233251,-1769461.9934573728
2019-08-03T18:25:36Z,2019-08-03T18:00:00Z,19394123,1223452.8297251817,-1730469.2105435291,NA,NA,34,19.956247329711914,0,-6770399.980148526,-1782391.4422141337
2019-08-03T18:25:36Z,2019-08-03T18:00:00Z,19399511,1151308.2063676296,-1732473.2278590165,NA,NA,30,108.81500244140625,0,-6844764.072410784,-1783789.2081582171
2019-08-03T18:25:36Z,2019-08-03T18:00:00Z,19404935,1151308.2063676296,-1734477.245174504,NA,NA,30,90.19574737548828,0,-6843961.279436798,-1785941.4011199845
2019-08-03T18:25:36Z,2019-08-03T18:00:00Z,19405128,1538083.548256725,-1734477.245174504,NA,NA,30,201.30247497558594,0,-6436984.144479686,-1790585.241151714
2019-08-03T18:25:36Z,2019-08-03T18:00:00Z,19405129,1540087.5655722125,-1734477.245174504,NA,NA,30,136.30325317382812,0,-6434847.54247112,-1790613.1611225433
2019-08-03T18:25:36Z,2019-08-03T18:00:00Z,19410355,1143292.13710568,-1736481.2624899922,NA,NA,30,121.85648345947266,0,-6851491.429301773,-1788012.813032012
2019-08-03T18:25:36Z,2019-08-03T18:00:00Z,19410552,1538083.548256725,-1736481.2624899922,NA,NA,30,172.24339294433594,0,-6436165.061166416,-1792744.418453587
2019-08-03T18:25:36Z,2019-08-03T18:00:00Z,19410553,1540087.5655722125,-1736481.2624899922,NA,NA,30,83.58070373535156,0,-6434028.370045276,-1792772.3785391187
2019-08-03T18:25:36Z,2019-08-03T18:00:00Z,19415896,1377762.1630177218,-1738485.2798054796,NA,NA,30,91.683319091796875,0,-6605294.753524134,-1792795.284544485
2019-08-03T18:25:36Z,2019-08-03T18:00:00Z,19415897,1379766.1803332092,-1738485.2798054796,NA,NA,30,111.35645294189453,0,-6603181.952923878,-1792820.0602693774
2019-08-03T18:25:36Z,2019-08-03T18:00:00Z,19415975,1536079.5309412377,-1738485.2798054796,NA,NA,30,91.35725402832031,0,-6437481.34884007,-1794875.9717309664
2019-08-03T18:25:36Z,2019-08-03T18:00:00Z,19415976,1538083.548256725,-1738485.2798054796,NA,NA,30,239.0758819580078,0,-6435344.888276918,-1794903.9309156146
2019-08-03T18:25:36Z,2019-08-03T18:00:00Z,19416780,3149313.4699087087,-1738485.2798054796,NA,NA,15,NA,0,-4554147.870508264,-1833318.468804105
2019-08-03T18:25:36Z,2019-08-03T18:00:00Z,19421320,1377762.1630177218,-1740489.297120967,NA,NA,30,314.2398681640625,0,-6604480.278595524,-1794952.1106040596
2019-08-03T18:25:36Z,2019-08-03T18:00:00Z,19421321,1379766.1803332092,-1740489.297120967,NA,NA,30,500.87847900390625,0,-6602367.397386663,-1794976.9217960055
2019-08-03T18:25:36Z,2019-08-03T18:00:00Z,19421398,1534075.5136257503,-1740489.297120967,NA,NA,30,179.39706420898438,0,-6438796.405516071,-1797007.8215467895
2019-08-03T18:25:36Z,2019-08-03T18:00:00Z,19421399,1536079.5309412377,-1740489.297120967,NA,NA,30,158.47207641601562,0,-6436660.175085343,-1797035.7797615477
2019-08-03T18:25:36Z,2019-08-03T18:00:00Z,19421400,1538083.548256725,-1740489.297120967,NA,NA,30,305.5244445800781,0,-6434523.625251784,-1797063.7790637976
2019-08-03T18:25:36Z,2019-08-03T18:00:00Z,19421401,1540087.5655722125,-1740489.297120967,NA,NA,30,100.37853240966797,0,-6432386.755493771,-1797091.8194733073
2019-08-03T18:25:36Z,2019-08-03T18:00:00Z,19426744,1377762.1630177218,-1742493.3144364543,NA,NA,30,131.5015411376953,0,-6603664.723341481,-1797109.2705101895
2019-08-03T18:25:36Z,2019-08-03T18:00:00Z,19426745,1379766.1803332092,-1742493.3144364543,NA,NA,30,228.32435607910156,0,-6601551.761401709,-1797134.1171968062
2019-08-03T18:25:36Z,2019-08-03T18:00:00Z,19426822,1534075.5136257503,-1742493.3144364543,NA,NA,30,270.33099365234375,0,-6437974.230493456,-1799167.9256695656
2019-08-03T18:25:36Z,2019-08-03T18:00:00Z,19426823,1536079.5309412377,-1742493.3144364543,NA,NA,30,174.12802124023438,0,-6435837.910771733,-1799195.9239733375
2019-08-03T18:25:36Z,2019-08-03T18:00:00Z,19426824,1538083.548256725,-1742493.3144364543,NA,NA,30,129.32615661621094,0,-6433701.271530455,-1799223.9634247979
2019-08-03T18:25:36Z,2019-08-03T18:00:00Z,19426825,1540087.5655722125,-1742493.3144364543,NA,NA,30,72.79193115234375,0,-6431564.312247855,-1799252.0440437107
2019-08-03T18:25:36Z,2019-08-03T18:00:00Z,19432217,1475959.0114766117,-1744497.3317519417,NA,NA,35,NA,0,-6498970.114915367,-1800533.0898577063
2019-08-03T18:25:36Z,2019-08-03T18:00:00Z,19432248,1538083.548256725,-1744497.3317519417,NA,NA,30,74.03327178955078,0,-6432877.8265514085,-1801384.4845257876
2019-08-03T18:25:36Z,2019-08-03T18:00:00Z,19432249,1540087.5655722125,-1744497.3317519417,NA,NA,30,93.52961730957031,0,-6430740.777606545,-1801412.6053858402
2019-08-03T18:25:36Z,2019-08-03T18:00:00Z,19437672,1538083.548256725,-1746501.349067429,NA,NA,30,265.71343994140625,0,-6432053.289752007,-1803545.3428945793
2019-08-03T18:25:36Z,2019-08-03T18:00:00Z,19437673,1540087.5655722125,-1746501.349067429,NA,NA,30,564.65655517578125,0,-6429916.151007127,-1803573.5040275187
2019-08-03T18:25:36Z,2019-08-03T18:00:00Z,19437674,1542091.5828876998,-1746501.349067429,NA,NA,30,129.55587768554688,0,-6427778.691463758,-1803601.7064684394
2019-08-03T18:25:36Z,2019-08-03T18:00:00Z,19443096,1538083.548256725,-1748505.3663829174,NA,NA,30,117.6088638305664,0,-6431227.660568633,-1805706.539059508
2019-08-03T18:25:36Z,2019-08-03T18:00:00Z,19443097,1540087.5655722125,-1748505.3663829174,NA,NA,30,286.42315673828125,0,-6429090.431885762,-1805734.7404972042
2019-08-03T18:25:36Z,2019-08-03T18:00:00Z,19453806,1261529.1587194446,-1752513.4010138921,NA,NA,30,21.952186584472656,0,-6721681.68933121,-1806516.556270574
2019-08-03T18:25:36Z,2019-08-03T18:00:00Z,19453903,1455918.838321736,-1752513.4010138921,NA,NA,30,94.23866271972656,0,-6516936.769946039,-1808905.8592549907
2019-08-03T18:25:36Z,2019-08-03T18:00:00Z,19470056,1217440.7777787186,-1758525.4529603543,NA,NA,30,71.92372131347656,0,-6765321.14977183,-1812496.8288734972
2019-08-03T18:25:36Z,2019-08-03T18:00:00Z,19475451,1159324.27562958,-1760529.4702758426,NA,NA,30,53.064090728759766,0,-6825086.731857366,-1814033.2032498934
2019-08-03T18:25:36Z,2019-08-03T18:00:00Z,19475469,1195396.5873083556,-1760529.4702758426,NA,NA,30,30.01577377319336,0,-6787505.978320552,-1814414.9005267038
2019-08-03T18:25:36Z,2019-08-03T18:00:00Z,19475693,1644296.4659775645,-1760529.4702758426,NA,NA,30,52.1953239440918,0,-6312493.383038227,-1820246.359394495
2019-08-03T18:25:36Z,2019-08-03T18:00:00Z,19475725,1708425.0200731661,-1760529.4702758426,NA,NA,30,34.284427642822266,0,-6243339.17614966,-1821249.6330235724
2019-08-03T18:25:36Z,2019-08-03T18:00:00Z,19481154,1718445.106650604,-1762533.48759133,NA,NA,30,98.555023193359375,0,-6231658.315342112,-1823577.8764264688
2019-08-03T18:25:36Z,2019-08-03T18:00:00Z,19486527,1616240.2235607393,-1764537.5049068173,NA,NA,30,23.46261215209961,0,-6340959.713636004,-1824152.0106988496
2019-08-03T18:25:36Z,2019-08-03T18:00:00Z,19486578,1718445.106650604,-1764537.5049068173,NA,NA,30,111.59408569335938,0,-6230815.231239324,-1825745.6925736654
2019-08-03T18:25:36Z,2019-08-03T18:00:00Z,19486579,1720449.1239660913,-1764537.5049068173,NA,NA,30,89.55094146728516,0,-6228646.139215056,-1825778.0703721433
2019-08-03T18:25:36Z,2019-08-03T18:00:00Z,19518882,1237480.9509335943,-1776561.6087997425,NA,NA,30,80.70750427246094,0,-6736966.416947292,-1832150.9231847161
2019-08-03T18:25:36Z,2019-08-03T18:00:00Z,19519095,1664336.63913244,-1776561.6087997425,NA,NA,30,49.549957275390625,0,-6284176.941070381,-1837894.7957162578
2019-08-03T18:25:36Z,2019-08-03T18:00:00Z,19529901,1580167.9118819637,-1780569.6434307173,NA,NA,30,84.78156280517578,0,-6372887.650074158,-1840946.835465205
2019-08-03T18:25:36Z,2019-08-03T18:00:00Z,19535325,1580167.9118819637,-1782573.6607462056,NA,NA,30,300.00274658203125,0,-6372041.398968409,-1843114.7264797695
2019-08-03T18:25:36Z,2019-08-03T18:00:00Z,19535326,1582171.929197451,-1782573.6607462056,NA,NA,30,113.29035949707031,0,-6369895.7268208265,-1843144.5128815041
2019-08-03T18:25:36Z,2019-08-03T18:00:00Z,19540637,1355717.9725473588,-1784577.678061693,NA,NA,30,51.163978576660156,0,-6609530.552479191,-1842208.7903649202
2019-08-03T18:25:36Z,2019-08-03T18:00:00Z,19551433,1251509.0721420068,-1788585.7126926677,NA,NA,33,52.193668365478516,0,-6717293.973178888,-1845282.068112206
2019-08-03T18:25:36Z,2019-08-03T18:00:00Z,19551631,1648304.5006085401,-1788585.7126926677,NA,NA,30,40.40323257446289,0,-6296342.535469339,-1850661.8055591462
2019-08-03T18:25:36Z,2019-08-03T18:00:00Z,19551657,1700408.9508112157,-1788585.7126926677,NA,NA,33,55.85525894165039,0,-6240127.725841294,-1851492.1964440905
2019-08-03T18:25:36Z,2019-08-03T18:00:00Z,19556527,590183.3580311183,-1790589.730008155,NA,NA,30,127.4284896850586,0,-7397601.571194113,-1841915.791103951
2019-08-03T18:25:36Z,2019-08-03T18:00:00Z,19556528,592187.3753466057,-1790589.730008155,NA,NA,30,60.07216262817383,0,-7395563.922421921,-1841926.3837876809
2019-08-03T18:25:36Z,2019-08-03T18:00:00Z,19556865,1267541.2106659068,-1790589.730008155,NA,NA,30,30.700881958007812,0,-6699665.685966604,-1847631.564803046
2019-08-03T18:25:36Z,2019-08-03T18:00:00Z,19562250,1189384.5353618935,-1792593.7473236425,NA,NA,10,70.573028564453125,0,-6780539.254242752,-1848909.895544462
2019-08-03T18:25:36Z,2019-08-03T18:00:00Z,19562461,1612232.1889297646,-1792593.7473236425,NA,NA,30,69.53263092041016,0,-6333414.691227161,-1854444.567683277
2019-08-03T18:25:36Z,2019-08-03T18:00:00Z,19589420,1289585.4011362698,-1802613.8339010803,NA,NA,30,62.20616149902344,0,-6671498.936294951,-1860882.0270656904
2019-08-03T18:25:36Z,2019-08-03T18:00:00Z,19594830,1261529.1587194446,-1804617.8512165686,NA,NA,33,110.27816772460938,0,-6700075.182617955,-1862714.4178628377
2019-08-03T18:25:36Z,2019-08-03T18:00:00Z,19594831,1263533.176034932,-1804617.8512165686,NA,NA,30,151.9638214111328,0,-6697975.291581062,-1862737.9993982266
2019-08-03T18:25:36Z,2019-08-03T18:00:00Z,19594832,1265537.1933504194,-1804617.8512165686,NA,NA,30,78.36150360107422,0,-6695875.144387756,-1862761.6214893332
2019-08-03T18:25:36Z,2019-08-03T18:00:00Z,19605884,1674356.725709878,-1808625.8858475434,NA,NA,30,31.176198959350586,0,-6259662.247043386,-1872802.6040884466
2019-08-03T18:25:36Z,2019-08-03T18:00:00Z,19638199,1215436.7604632312,-1820649.9897404686,NA,NA,33,87.857208251953125,0,-6741521.237871976,-1879515.9445737174
2019-08-03T18:25:36Z,2019-08-03T18:00:00Z,19638200,1217440.7777787186,-1820649.9897404686,NA,NA,30,167.05892944335938,0,-6739426.497173685,-1879538.8519334546
2019-08-03T18:25:36Z,2019-08-03T18:00:00Z,19638277,1371750.1110712597,-1820649.9897404686,NA,NA,30,29.09379005432129,0,-6577356.356365425,-1881426.0268715294
2019-08-03T18:25:36Z,2019-08-03T18:00:00Z,19643624,1217440.7777787186,-1822654.007055956,NA,NA,33,85.05579376220703,0,-6738573.780714358,-1881707.059495003
2019-08-03T18:25:36Z,2019-08-03T18:00:00Z,19681852,1738485.2798054796,-1836682.1282643685,NA,NA,30,171.79949951171875,0,-6177973.739135157,-1904364.3073568947
2019-08-03T18:25:36Z,2019-08-03T18:00:00Z,19682077,2189389.175790176,-1836682.1282643685,NA,NA,32,NA,0,-5677380.032870495,-1913358.793336724
2019-08-03T18:25:36Z,2019-08-03T18:00:00Z,19682078,2191393.193105663,-1836682.1282643685,NA,NA,32,NA,0,-5675100.71697939,-1913404.5395822448
2019-08-03T18:25:36Z,2019-08-03T18:00:00Z,19687275,1736481.2624899922,-1838686.145579856,NA,NA,30,100.68119049072266,0,-6179264.471326954,-1906511.228283275
2019-08-03T18:25:36Z,2019-08-03T18:00:00Z,19687276,1738485.2798054796,-1838686.145579856,NA,NA,30,149.701904296875,0,-6177088.057593434,-1906545.7593027074
2019-08-03T18:25:36Z,2019-08-03T18:00:00Z,19687501,2189389.175790176,-1838686.145579856,NA,NA,30,109.48767852783203,0,-5676465.281987682,-1915552.8961933984
2019-08-03T18:25:36Z,2019-08-03T18:00:00Z,19687502,2191393.193105663,-1838686.145579856,NA,NA,30,131.0526580810547,0,-5674185.814926141,-1915598.7071578915
2019-08-03T18:25:36Z,2019-08-03T18:00:00Z,19703297,1235476.9336181069,-1844698.197526319,NA,NA,30,77.95575714111328,0,-6710249.276998875,-1905792.2841137343
2019-08-03T18:25:36Z,2019-08-03T18:00:00Z,19730418,1237480.9509335943,-1854718.2841037568,NA,NA,32,NA,0,-6703806.687994034,-1916683.6541502397
2019-08-03T18:25:36Z,2019-08-03T18:00:00Z,19730425,1251509.0721420068,-1854718.2841037568,NA,NA,30,174.8526611328125,0,-6689109.583461181,-1916851.9183291518
2019-08-03T18:25:36Z,2019-08-03T18:00:00Z,19730426,1253513.0894574942,-1854718.2841037568,NA,NA,30,174.37013244628906,0,-6687008.977169074,-1916876.1235947204
2019-08-03T18:25:36Z,2019-08-03T18:00:00Z,19735850,1253513.0894574942,-1856722.3014192441,NA,NA,30,103.43785095214844,0,-6686136.136053444,-1919051.0073647564
2019-08-03T18:25:36Z,2019-08-03T18:00:00Z,19735983,1520047.3924173377,-1856722.3014192441,NA,NA,30,25.00166893005371,0,-6404271.441963218,-1922655.8071684896
2019-08-03T18:25:36Z,2019-08-03T18:00:00Z,19746818,1493995.167315999,-1860730.336050219,NA,NA,30,149.71678161621094,0,-6430284.011593755,-1926629.2726271108
2019-08-03T18:25:36Z,2019-08-03T18:00:00Z,19746819,1495999.1846314864,-1860730.336050219,NA,NA,30,150.07875061035156,0,-6428148.600029763,-1926658.8030383906
2019-08-03T18:25:36Z,2019-08-03T18:00:00Z,19752242,1493995.167315999,-1862734.3533657072,NA,NA,30,152.92413330078125,0,-6429397.27445241,-1928809.7030939376
2019-08-03T18:25:36Z,2019-08-03T18:00:00Z,19752243,1495999.1846314864,-1862734.3533657072,NA,NA,33,80.0947265625,0,-6427261.767640584,-1928839.2743470706
2019-08-03T18:25:36Z,2019-08-03T18:00:00Z,19773924,1465938.924899174,-1870750.4226276567,NA,NA,30,178.23983764648438,0,-6455708.553241836,-1937123.507828755
2019-08-03T18:25:36Z,2019-08-03T18:00:00Z,19773925,1467942.9422146613,-1870750.4226276567,NA,NA,30,169.80194091796875,0,-6453577.045335616,-1937152.6194770443
2019-08-03T18:25:36Z,2019-08-03T18:00:00Z,19779348,1465938.924899174,-1872754.439943144,NA,NA,30,94.9984359741211,0,-6454817.521317846,-1939305.219886113
2019-08-03T18:25:36Z,2019-08-03T18:00:00Z,19779349,1467942.9422146613,-1872754.439943144,NA,NA,30,88.64997100830078,0,-6452685.91920051,-1939334.3716703195
2019-08-03T18:25:36Z,2019-08-03T18:00:00Z,19790220,1514035.3404708747,-1876762.4745741198,NA,NA,30,33.12245178222656,0,-6401782.500196205,-1944383.6747950215
2019-08-03T18:25:36Z,2019-08-03T18:00:00Z,19795903,2033075.8251821483,-1878766.4918896072,NA,NA,35,NA,0,-5834351.501140967,-1956007.5750615504
2019-08-03T18:25:36Z,2019-08-03T18:00:00Z,19817381,1596200.0504058637,-1886782.5611515576,NA,NA,30,216.97830200195312,0,-6309282.531345217,-1956595.1300711
2019-08-03T18:25:36Z,2019-08-03T18:00:00Z,19817382,1598204.067721351,-1886782.5611515576,NA,NA,30,93.64484405517578,0,-6307128.97798823,-1956627.5270373514
2019-08-03T18:25:36Z,2019-08-03T18:00:00Z,19822805,1596200.0504058637,-1888786.578467045,NA,NA,30,101.85517120361328,0,-6308376.015862417,-1958782.5859098881
2019-08-03T18:25:36Z,2019-08-03T18:00:00Z,19861105,2261533.799147728,-1902814.6996754576,NA,NA,32,NA,0,-5563976.486677321,-1987727.570896094
2019-08-03T18:25:36Z,2019-08-03T18:00:00Z,19910436,3293602.716623811,-1920850.8555148458,NA,NA,30,107.6771240234375,0,-4265606.442257927,-2042899.1345948202
2019-08-03T18:25:36Z,2019-08-03T18:00:00Z,19910437,3295606.7339392994,-1920850.8555148458,NA,NA,30,146.0933837890625,0,-4262838.402521837,-2042989.3170433522
2019-08-03T18:25:36Z,2019-08-03T18:00:00Z,19948352,3189393.816218458,-1934878.9767232584,NA,NA,32,NA,0,-4400085.339400703,-2054155.0828453535
2019-08-03T18:25:36Z,2019-08-03T18:00:00Z,20018093,1644296.4659775645,-1960931.2018245962,NA,NA,35,NA,0,-6223099.319486769,-2038618.5311665502
2019-08-03T18:25:36Z,2019-08-03T18:00:00Z,20050634,1638284.4140311023,-1972955.3057175213,NA,NA,30,241.49708557128906,0,-6223869.067048727,-2051735.9681297552
2019-08-03T18:25:36Z,2019-08-03T18:00:00Z,20050635,1640288.4313465897,-1972955.3057175213,NA,NA,30,178.33663940429688,0,-6221703.399758811,-2051771.3572665383
2019-08-03T18:25:36Z,2019-08-03T18:00:00Z,20148711,2530072.119423058,-2009027.617396297,NA,NA,13,139.24476623535156,0,-5195710.136655083,-2113172.8207313744
2019-08-03T18:25:36Z,2019-08-03T18:00:00Z,20153722,1702412.968126704,-2011031.6347117852,NA,NA,30,41.699188232421875,0,-6135900.494860129,-2094892.1992071315
2019-08-03T18:25:36Z,2019-08-03T18:00:00Z,20164620,1802613.8339010803,-2015039.66934276,NA,NA,32,NA,0,-6024438.597321778,-2101289.05893376
2019-08-03T18:25:36Z,2019-08-03T18:00:00Z,20181571,3163341.5911171213,-2021051.7212892221,NA,NA,35,NA,0,-4386784.7384444475,-2150570.749945482
2019-08-03T18:25:36Z,2019-08-03T18:00:00Z,20225008,3253522.37031406,-2037083.859813123,NA,NA,10,42.70408248901367,0,-4254393.857541344,-2173015.3651336236
2019-08-03T18:25:36Z,2019-08-03T18:00:00Z,20268348,3149313.4699087087,-2053115.998337023,NA,NA,35,NA,0,-4387051.048377452,-2186442.4465496046
2019-08-03T18:25:36Z,2019-08-03T18:00:00Z,20289866,2792598.3877519257,-2061132.0675989734,NA,NA,35,NA,0,-4845802.9184092935,-2180774.6822970184
2019-08-03T18:25:36Z,2019-08-03T18:00:00Z,20386997,1788585.7126926677,-2097204.379277749,NA,NA,30,102.13233947753906,0,-5998141.318269325,-2192283.2475244924
2019-08-03T18:25:36Z,2019-08-03T18:00:00Z,20387567,2930875.582520566,-2097204.379277749,NA,NA,32,NA,0,-4649289.347492076,-2227175.409854737
2019-08-03T18:25:36Z,2019-08-03T18:00:00Z,20387568,2932879.5998360533,-2097204.379277749,NA,NA,35,NA,0,-4646702.175325752,-2227258.7477029106
2019-08-03T18:25:36Z,2019-08-03T18:00:00Z,20430446,1902814.6996754576,-2113236.51780165,NA,NA,10,25.91532325744629,0,-5863451.670165703,-2212725.4318423015
2019-08-03T18:25:36Z,2019-08-03T18:00:00Z,20436276,2716445.729763399,-2115240.5351171372,NA,NA,33,119.95025634765625,0,-4910244.217746342,-2239236.041746268
2019-08-03T18:25:36Z,2019-08-03T18:00:00Z,20485226,2984984.0500387307,-2133276.6909565246,NA,NA,30,45.18568420410156,0,-4557643.923687929,-2270686.0063732862
2019-08-03T18:25:36Z,2019-08-03T18:00:00Z,20544569,2341694.4917672295,-2155320.8814268876,NA,NA,32,NA,0,-5339594.241467134,-2271888.3564880807
2019-08-03T18:25:36Z,2019-08-03T18:00:00Z,20550060,2475963.651904894,-2157324.898742375,NA,NA,30,113.75210571289062,0,-5179291.734645807,-2278489.968135718
2019-08-03T18:25:36Z,2019-08-03T18:00:00Z,20550061,2477967.6692203823,-2157324.898742375,NA,NA,30,75.26313781738281,0,-5176892.26778959,-2278557.205104308
2019-08-03T18:25:36Z,2019-08-03T18:00:00Z,20804738,1974959.3230330087,-2251513.71257029,NA,NA,30,140.6474151611328,0,-5706334.699289014,-2370430.279049711
2019-08-03T18:25:36Z,2019-08-03T18:00:00Z,20810161,1972955.3057175213,-2253517.7298857775,NA,NA,30,163.0811004638672,0,-5707436.741725526,-2372655.1762812515
2019-08-03T18:25:36Z,2019-08-03T18:00:00Z,20810162,1974959.3230330087,-2253517.7298857775,NA,NA,30,229.37913513183594,0,-5705179.330067688,-2372708.3092769096
2019-08-03T18:25:36Z,2019-08-03T18:00:00Z,20821011,1976963.340348497,-2257525.764516752,NA,NA,30,99.54380798339844,0,-5700606.345183846,-2377319.235168595
2019-08-03T18:25:36Z,2019-08-03T18:00:00Z,20831857,1972955.3057175213,-2261533.799147728,NA,NA,30,87.6009750366211,0,-5702802.726472476,-2381772.1130922567
2019-08-03T18:25:36Z,2019-08-03T18:00:00Z,20843209,2982980.0327232424,-2265541.8337787027,NA,NA,32,NA,0,-4477586.330276812,-2423225.368811203
2019-08-03T18:25:36Z,2019-08-03T18:00:00Z,20880731,2089188.3100157985,-2279569.954987115,NA,NA,30,420.88641357421875,0,-5560370.220931374,-2405563.79170195
2019-08-03T18:25:36Z,2019-08-03T18:00:00Z,20880732,2091192.3273312869,-2279569.954987115,NA,NA,32,NA,0,-5558079.736828872,-2405621.8694259706
2019-08-03T18:25:36Z,2019-08-03T18:00:00Z,20886154,2087184.2927003112,-2281573.9723026026,NA,NA,30,127.70728302001953,0,-5561475.521355054,-2407795.0975813316
2019-08-03T18:25:36Z,2019-08-03T18:00:00Z,20886155,2089188.3100157985,-2281573.9723026026,NA,NA,30,587.08343505859375,0,-5559185.392597044,-2407853.180068599
2019-08-03T18:25:36Z,2019-08-03T18:00:00Z,20886156,2091192.3273312869,-2281573.9723026026,NA,NA,32,NA,0,-5556894.710083331,-2407911.3337566685
2019-08-03T18:25:36Z,2019-08-03T18:00:00Z,20907829,2045099.9290750735,-2289590.041564553,NA,NA,12,NA,0,-5604706.156488144,-2415747.916334597
2019-08-03T18:25:36Z,2019-08-03T18:00:00Z,20929844,2684381.452715599,-2297606.1108265035,NA,NA,12,NA,0,-4840143.71584715,-2447088.529716429
2019-08-03T18:25:36Z,2019-08-03T18:00:00Z,21265909,2237485.5913618766,-2421855.184386731,NA,NA,33,232.75909423828125,0,-5300602.67301065,-2574389.1168672107
2019-08-03T18:25:36Z,2019-08-03T18:00:00Z,21265910,2239489.608677365,-2421855.184386731,NA,NA,33,107.78939819335938,0,-5298252.066972744,-2574458.8081706185
2019-08-03T18:25:36Z,2019-08-03T18:00:00Z,21271332,2235481.574046389,-2423859.2017022185,NA,NA,33,179.10594177246094,0,-5301651.767605459,-2576654.4675580245
2019-08-03T18:25:36Z,2019-08-03T18:00:00Z,21271333,2237485.5913618766,-2423859.2017022185,NA,NA,33,501.19561767578125,0,-5299301.559604915,-2576724.1663834685
2019-08-03T18:25:36Z,2019-08-03T18:00:00Z,21271334,2239489.608677365,-2423859.2017022185,NA,NA,33,175.38682556152344,0,-5296950.704408858,-2576793.9488243656
2019-08-03T18:25:36Z,2019-08-03T18:00:00Z,21276757,2237485.5913618766,-2425863.219017706,NA,NA,33,138.96685791015625,0,-5297998.984502245,-2579059.807118836
2019-08-03T18:25:36Z,2019-08-03T18:00:00Z,21558862,2351714.5783446664,-2530072.119423058,NA,NA,32,NA,0,-5092331.657539645,-2705759.9189941734
2019-08-03T18:25:36Z,2019-08-03T18:00:00Z,21617917,1131268.033212754,-2552116.309893421,NA,NA,33,53.70928192138672,0,-6441304.810046908,-2697791.4613279826
2019-08-03T18:25:36Z,2019-08-03T18:00:00Z,21704625,978962.7172357012,-2584180.5869412217,NA,NA,30,34.3222770690918,0,-6580881.212583828,-2732817.872882653
2019-08-03T18:25:36Z,2019-08-03T18:00:00Z,21710056,992990.8384441137,-2586184.604256709,NA,NA,35,NA,0,-6564851.057506033,-2735372.233503033
2019-08-03T18:25:36Z,2019-08-03T18:00:00Z,21764398,1197400.604623843,-2606224.7774115847,NA,NA,30,38.36922073364258,0,-6335614.6938139675,-2762318.619262908
2019-08-03T18:25:36Z,2019-08-03T18:00:00Z,21813163,1095195.7215339784,-2624260.933250972,NA,NA,30,42.871856689453125,0,-6431957.869963253,-2781702.448941544
2019-08-03T18:25:36Z,2019-08-03T18:00:00Z,22046348,1001006.9077060642,-2710433.6778169367,NA,NA,30,61.377960205078125,0,-6472401.29369648,-2882107.121417306
2019-08-03T18:25:36Z,2019-08-03T18:00:00Z,22073665,1395798.31885711,-2720453.7643943746,NA,NA,10,28.480133056640625,0,-6043553.931290259,-2901971.281770566
2019-08-03T18:25:36Z,2019-08-03T18:00:00Z,22193064,1538083.548256725,-2764542.1453351006,NA,NA,10,30.753915786743164,0,-5856052.198338825,-2958580.0800183737
2019-08-03T18:25:36Z,2019-08-03T18:00:00Z,22231097,1668344.6737634158,-2778570.266543513,NA,NA,33,35.34359359741211,0,-5701316.973962684,-2979288.5344426194
2019-08-03T18:25:36Z,2019-08-03T18:00:00Z,22236341,1307621.556975658,-2780574.2838590005,NA,NA,30,55.75614929199219,0,-6095279.764524434,-2972141.412010033
2019-08-03T18:25:36Z,2019-08-03T18:00:00Z,22279838,1518043.3751018494,-2796606.4223829014,NA,NA,33,29.47275733947754,0,-5854185.4156752005,-2996816.5612695687
2019-08-03T18:25:36Z,2019-08-03T18:00:00Z,22333775,910826.1285091247,-2816646.595537776,NA,NA,30,74.46672058105469,0,-6491172.016323164,-3007981.296564498
2019-08-03T18:25:36Z,2019-08-03T18:00:00Z,22360893,906818.09387815,-2826666.682115214,NA,NA,30,84.92301177978516,0,-6487995.369030594,-3020028.6921906862
2019-08-03T18:25:36Z,2019-08-03T18:00:00Z,22371753,930866.3016640004,-2830674.7167461896,NA,NA,35,NA,0,-6459714.303967231,-3025267.205657345
2019-08-03T18:25:36Z,2019-08-03T18:00:00Z,22388094,1069143.4964326406,-2836686.7686926518,NA,NA,32,NA,0,-6308948.984942074,-3035004.234058405
2019-08-03T18:25:36Z,2019-08-03T18:00:00Z,22399159,1504015.2538934369,-2840694.8033236265,NA,NA,35,NA,0,-5836108.010215039,-3050054.7878368944
2019-08-03T18:25:36Z,2019-08-03T18:00:00Z,22404621,1580167.9118819637,-2842698.820639115,NA,NA,30,35.498470306396484,0,-5750457.945208449,-3054689.4896813873
2019-08-03T18:25:36Z,2019-08-03T18:00:00Z,22404653,1644296.4659775645,-2842698.820639115,NA,NA,30,52.649017333984375,0,-5679135.529147693,-3056630.7617805246
2019-08-03T18:25:36Z,2019-08-03T18:00:00Z,22404654,1646300.4832930528,-2842698.820639115,NA,NA,30,44.981971740722656,0,-5676899.144774785,-3056692.8943157084
2019-08-03T18:25:36Z,2019-08-03T18:00:00Z,22426310,1566139.7906735511,-2850714.8899010643,NA,NA,10,24.26642417907715,0,-5759793.057572779,-3064077.7127410076
2019-08-03T18:25:36Z,2019-08-03T18:00:00Z,22442248,896798.0073007122,-2856726.9418475274,NA,NA,15,NA,0,-6476133.318953022,-3056310.7352023777
2019-08-03T18:25:36Z,2019-08-03T18:00:00Z,22464125,1259525.1414039573,-2864743.011109477,NA,NA,10,112.32744598388672,0,-6083909.690214459,-3073168.116676254
2019-08-03T18:25:36Z,2019-08-03T18:00:00Z,22485973,1564135.7733580628,-2872759.0803714273,NA,NA,30,83.62115478515625,0,-5744813.331519568,-3091034.466590697
2019-08-03T18:25:36Z,2019-08-03T18:00:00Z,22491490,1750509.3836984048,-2874763.0976869147,NA,NA,10,109.90499877929688,0,-5534636.101906705,-3099446.7215747386
2019-08-03T18:25:36Z,2019-08-03T18:00:00Z,22507414,1053111.3579087406,-2880775.149633378,NA,NA,34,38.491546630859375,0,-6292602.6223862935,-3088362.732294337
2019-08-03T18:25:36Z,2019-08-03T18:00:00Z,22529272,1377762.1630177218,-2888791.218895328,NA,NA,30,64.076202392578125,0,-5937085.828293526,-3105516.5286173695
2019-08-03T18:25:36Z,2019-08-03T18:00:00Z,22567172,1241488.985564569,-2902819.340103741,NA,NA,30,23.751453399658203,0,-6073868.356172948,-3119374.6375267305
2019-08-03T18:25:36Z,2019-08-03T18:00:00Z,22583564,1481971.0634230739,-2908831.392050203,NA,NA,30,61.82299041748047,0,-5807094.679635231,-3133020.2790444423
2019-08-03T18:25:36Z,2019-08-03T18:00:00Z,22589012,1530067.4789947746,-2910835.4093656912,NA,NA,33,33.457950592041016,0,-5752396.384528612,-3136897.0022831946
2019-08-03T18:25:36Z,2019-08-03T18:00:00Z,22589120,1746501.349067429,-2910835.4093656912,NA,NA,30,39.198341369628906,0,-5510181.250881024,-3143875.301370886
2019-08-03T18:25:36Z,2019-08-03T18:00:00Z,22594271,1199404.6219393304,-2912839.4266811786,NA,NA,35,NA,0,-6111346.447938398,-3130718.739849995
2019-08-03T18:25:36Z,2019-08-03T18:00:00Z,22594272,1201408.6392548187,-2912839.4266811786,NA,NA,34,30.780000686645508,0,-6109191.013018682,-3130764.185083996
2019-08-03T18:25:36Z,2019-08-03T18:00:00Z,22599953,1716441.0893351166,-2914843.443996666,NA,NA,10,54.87151336669922,0,-5540913.52109494,-3147805.48659872
2019-08-03T18:25:36Z,2019-08-03T18:00:00Z,22616226,1718445.106650604,-2920855.495943128,NA,NA,30,146.17886352539062,0,-5533766.170325854,-3155328.435940557
2019-08-03T18:25:36Z,2019-08-03T18:00:00Z,22648653,1483975.0807385612,-2932879.5998360533,NA,NA,30,51.16844940185547,0,-5785631.580985932,-3162795.7477205754
2019-08-03T18:25:36Z,2019-08-03T18:00:00Z,22664903,1439886.6997978361,-2938891.6517825164,NA,NA,34,25.650392532348633,0,-5829316.95880989,-3168976.650131309
2019-08-03T18:25:36Z,2019-08-03T18:00:00Z,22686728,1698404.9334957283,-2946907.721044467,NA,NA,30,98.12010192871094,0,-5535055.404631729,-3187022.5822793213
2019-08-03T18:25:36Z,2019-08-03T18:00:00Z,22708382,1614236.206245252,-2954923.7903064173,NA,NA,30,31.053903579711914,0,-5623018.120482295,-3194185.7924122293
2019-08-03T18:25:36Z,2019-08-03T18:00:00Z,22713809,1620248.258191714,-2956927.8076219037,NA,NA,10,28.85653305053711,0,-5614641.0662655085,-3196878.5389582827
2019-08-03T18:25:36Z,2019-08-03T18:00:00Z,22724561,1427862.59590491,-2960935.8422528785,NA,NA,30,43.50749588012695,0,-5824660.238586212,-3195988.724288656
2019-08-03T18:25:36Z,2019-08-03T18:00:00Z,22724562,1429866.6132203983,-2960935.8422528785,NA,NA,35,NA,0,-5822458.553046871,-3196045.6280208933
2019-08-03T18:25:36Z,2019-08-03T18:00:00Z,22746337,1588183.9811439142,-2968951.91151483,NA,NA,30,26.068967819213867,0,-5640562.825710403,-3210828.39395298
2019-08-03T18:25:36Z,2019-08-03T18:00:00Z,22746388,1690388.8642337779,-2968951.91151483,NA,NA,30,39.90613555908203,0,-5525838.192564308,-3214251.1396118375
2019-08-03T18:25:36Z,2019-08-03T18:00:00Z,22757123,1463934.9075836865,-2972959.9461458046,NA,NA,10,42.50455093383789,0,-5775115.4044205705,-3211995.79814346
2019-08-03T18:25:36Z,2019-08-03T18:00:00Z,22784362,1702412.968126704,-2982980.0327232424,NA,NA,10,29.451366424560547,0,-5500515.108063393,-3232230.9395421343
2019-08-03T18:25:36Z,2019-08-03T18:00:00Z,22903482,1285577.366505295,-3027068.4136639684,NA,NA,30,37.021934509277344,0,-5925603.556211685,-3274677.8794441703
2019-08-03T18:25:36Z,2019-08-03T18:00:00Z,22914513,1652312.535239515,-3031076.448294943,NA,NA,10,32.079166412353516,0,-5516256.352997521,-3290968.6451581283
2019-08-03T18:25:36Z,2019-08-03T18:00:00Z,22925267,1463934.9075836865,-3035084.482925918,NA,NA,10,138.0216827392578,0,-5723210.97880286,-3289827.4314168207
2019-08-03T18:25:36Z,2019-08-03T18:00:00Z,22930690,1461930.8902681982,-3037088.5002414063,NA,NA,10,190.266845703125,0,-5723725.096128871,-3292290.751504145
2019-08-03T18:25:36Z,2019-08-03T18:00:00Z,22930691,1463934.9075836865,-3037088.5002414063,NA,NA,10,234.77740478515625,0,-5721508.213634156,-3292352.1536046183
2019-08-03T18:25:36Z,2019-08-03T18:00:00Z,22968559,1263533.176034932,-3051116.621449819,NA,NA,10,54.76551818847656,0,-5929346.620060711,-3304328.1576380376
2019-08-03T18:25:36Z,2019-08-03T18:00:00Z,23011954,1269545.227981395,-3067148.7599737197,NA,NA,10,58.794071197509766,0,-5909182.835234664,-3324708.6035098475
2019-08-03T18:25:36Z,2019-08-03T18:00:00Z,23456711,1247501.037511032,-3231478.1798436977,NA,NA,34,23.869932174682617,0,-5786851.428635358,-3534811.206284963
2019-08-03T18:25:36Z,2019-08-03T18:00:00Z,23516363,1223452.8297251817,-3253522.37031406,NA,NA,35,NA,0,-5792573.058773146,-3562879.677062794
2019-08-03T18:25:36Z,2019-08-03T18:00:00Z,23516366,1229464.8816716438,-3253522.37031406,NA,NA,35,NA,0,-5785995.963237977,-3563053.6999309473
2019-08-03T18:25:36Z,2019-08-03T18:00:00Z,24101971,854713.6436754735,-3469956.240386715,NA,NA,30,69.342010498046875,0,-5978671.3276268905,-3842071.095905984
2019-08-03T18:25:36Z,2019-08-03T18:00:00Z,24226771,950906.474818876,-3516048.6386429276,NA,NA,10,25.088661193847656,0,-5826603.480840434,-3907599.7446972057
2019-08-03T18:25:36Z,2019-08-03T18:00:00Z,24302405,345693.2455416387,-3544104.8810597546,NA,NA,30,64.565338134765625,0,-6440054.213700082,-3935535.0050225905
2019-08-03T18:25:36Z,2019-08-03T18:00:00Z,24308241,1171348.3795225052,-3546108.898375241,NA,NA,30,76.39299774169922,0,-5552919.335813073,-3955854.3709545536
2019-08-03T18:25:36Z,2019-08-03T18:00:00Z,24508871,1055115.375224228,-3620257.5390482806,NA,NA,30,93.04339599609375,0,-5598406.749212047,-4056231.5267285323
2019-08-03T18:25:36Z,2019-08-03T18:00:00Z,25327852,968942.6306582633,-3922864.1536868997,NA,NA,30,315.4989929199219,0,-5320029.541929356,-4499956.161615793
2019-08-03T18:25:36Z,2019-08-03T18:00:00Z,25333276,968942.6306582633,-3924868.171002386,NA,NA,30,219.04074096679688,0,-5317334.334156119,-4503047.008947887
